,dev_id,set,modulation,pkt_sent,pkt_lost,pkt_rx_power,pos_x,pos_y,pos_z
0,0,1,CSS,61,60,-88.43254984062017,687959.8062303758,692744.6994466285,0
1,1,1,CSS,59,58,-92.48028814887431,694616.0186001506,691956.7259507736,0
2,2,1,CSS,62,60,-83.73928111362115,687384.4095082954,688795.1797434494,0
3,3,1,CSS,73,72,-103.34059596539092,709336.7151090888,692910.3602945748,0
4,4,1,CSS,56,54,-87.34593254615162,691884.6215788955,687367.8463835327,0
5,5,1,CSS,68,67,-109.7586531896009,725999.9845167038,668074.1684533892,0
6,6,1,CSS,58,57,-110.0192282352037,719264.9281924787,721249.5310529785,0
7,7,1,CSS,58,57,-88.95304274338264,689117.5981768598,693260.2350849516,0
8,8,1,CSS,58,55,-82.87384394908923,689978.3575780079,691242.3510680023,0
9,9,1,CSS,75,72,-83.11517550692803,687440.2176973163,689368.6190326288,0
10,10,1,CSS,59,58,-84.56926559936846,690830.7547109476,691259.0768207563,0
11,11,1,CSS,65,63,-104.42727244077008,667044.2335733854,694447.5680582491,0
12,12,1,CSS,66,66,-111.63389591045271,640444.559320077,670303.616662712,0
13,13,1,CSS,57,55,-100.64464054578052,677787.2185295678,680197.4947677053,0
14,14,1,CSS,56,54,-101.23476851075247,676409.4161048353,680301.6528687034,0
15,15,1,CSS,53,53,-101.95374374091274,682413.5574601142,673649.2849442445,0
16,16,1,CSS,66,65,-96.23053203679571,688915.039811616,680501.8765937985,0
17,17,1,CSS,63,61,-109.52265443720174,696662.5028181202,648833.3792887082,0
18,18,1,CSS,59,58,-110.67220551382445,729961.4542547566,713278.9371427594,0
19,19,1,CSS,67,63,-90.92193608562971,685024.4067371029,687359.5589682126,0
20,20,1,CSS,71,70,-84.04361819428712,690867.1042443581,691051.6475624242,0
21,21,1,CSS,66,63,-85.85404689777201,686952.6689843873,688289.696740087,0
22,22,1,CSS,59,59,-98.4653421196297,696754.7932615213,680507.865824231,0
23,23,1,CSS,61,59,-107.6325245433193,683585.8474894416,722054.7220309785,0
24,24,1,CSS,58,58,-93.3165930769232,693239.3907089966,694514.5095301748,0
25,25,1,CSS,56,54,-109.4036490090299,719672.7585341929,716566.591979357,0
26,26,1,CSS,64,61,-92.04791915404647,687360.2219489781,694528.2094387192,0
27,27,1,CSS,68,68,-105.63682507072605,705272.3996328902,668366.5394738058,0
28,28,1,CSS,58,56,-108.49583332012377,652901.6840363146,692313.6382242832,0
29,29,1,CSS,65,64,-82.9331294624179,688882.0851907883,687554.5215989979,0
30,30,1,CSS,63,60,-86.23067704325636,687438.9950776675,687392.7561925995,0
31,31,1,CSS,61,61,-109.58632713823793,647890.6560710161,689943.3185102142,0
32,32,1,CSS,62,60,-88.20708105474098,692671.1505718488,690797.4121546968,0
33,33,1,CSS,61,59,-111.97502065797279,671302.5992261675,740992.4908502069,0
34,34,1,CSS,61,59,-102.89403592038529,670868.6516308989,684364.3752976744,0
35,35,1,CSS,55,54,-100.38107070789725,676222.2869781863,695164.626568715,0
36,36,1,CSS,84,82,-101.40521551680317,674953.7586359582,682124.2124071354,0
37,37,1,CSS,61,61,-104.69837550311829,675163.1480609692,670529.8943583011,0
38,38,1,CSS,58,58,-102.5107182996922,688556.8880771548,707778.3769223742,0
39,39,1,CSS,68,64,-109.02990917386045,728106.4734031097,684990.4590024345,0
40,40,1,CSS,49,48,-85.58483413322062,687015.9141279261,688350.1244172542,0
41,41,1,CSS,57,56,-83.57549458806504,691064.7460698917,690670.1207937036,0
42,42,1,CSS,61,61,-83.83837693154288,687531.3004125529,690438.8992266533,0
43,43,1,CSS,62,60,-110.96959699832733,706232.6776138174,643716.6956837013,0
44,44,1,CSS,70,69,-109.93156879287913,662003.7853409693,722813.5297592898,0
45,45,1,CSS,81,78,-100.71533152246444,683382.3172439975,675726.4736551837,0
46,46,1,CSS,64,62,-85.82218192854401,689648.9705772595,686729.4497434275,0
47,47,1,CSS,62,59,-100.2416980820474,700399.3253749023,680479.9259624565,0
48,48,1,CSS,57,55,-82.69368914160893,688140.0865950014,690793.447826168,0
49,49,1,CSS,65,64,-91.79637877090352,686996.5228486281,694191.3319248823,0
50,50,2,CSS,925,906,-82.38643370517336,688977.3913377627,691170.9721737519,0
51,51,2,CSS,879,876,-99.10597625292986,682202.2761629442,699530.4179501305,0
52,52,2,CSS,829,821,-94.19551732250909,693575.3856946501,695111.0304061362,0
53,53,2,CSS,917,915,-106.95322514965898,681605.8124197746,719065.9329833478,0
54,54,2,CSS,843,828,-86.33954973373964,688307.8364523271,686775.2333797524,0
55,55,2,CSS,884,870,-83.48794864321204,691422.5834423702,688977.8989569455,0
56,56,2,CSS,897,894,-98.48721110239693,700310.627949743,693292.7027556777,0
57,57,2,CSS,913,895,-84.51966973621732,689876.2057566987,691681.0232208341,0
58,58,2,CSS,925,922,-99.08103934647337,700404.7093841544,683699.3592524038,0
59,59,2,CSS,873,866,-93.60127078792674,692469.29643777,683570.9132371625,0
60,60,2,CSS,912,909,-91.27013495547988,694388.906195844,690203.8798401974,0
61,61,2,CSS,902,895,-89.55675049485092,690204.3680041989,685349.502109094,0
62,62,2,CSS,904,892,-84.9147520807015,691235.1548967302,691008.8892588825,0
63,63,2,CSS,894,877,-84.1498915807199,691617.6930394217,689162.6599186797,0
64,64,2,CSS,898,885,-84.07327942217555,691153.8472663027,688066.5951515039,0
65,65,2,CSS,876,867,-90.17119251118987,691814.2373106779,685675.7219098023,0
66,66,2,CSS,886,884,-107.63675650546412,668872.4063066109,663357.5332911465,0
67,67,2,CSS,905,890,-84.74875575761558,691736.2234426212,688907.4201997468,0
68,68,2,CSS,838,834,-96.1231356501169,691392.7136297284,697998.5801473852,0
69,69,2,CSS,894,878,-85.44992227385626,691676.0512742781,690644.5116303181,0
70,70,2,CSS,860,846,-88.1879098881797,692508.654823789,687708.068950088,0
71,71,2,CSS,889,881,-93.81656209341988,693244.4535192006,683845.6486769662,0
72,72,2,CSS,927,920,-103.40230723447657,702062.2613007048,705382.30005713,0
73,73,2,CSS,902,900,-97.17734865954642,681181.2151471926,695004.2432418915,0
74,74,2,CSS,867,864,-110.26360440257528,675354.0110804982,732044.4870654949,0
75,75,2,CSS,870,858,-94.87279934623783,688252.2844792651,681867.7949672227,0
76,76,2,CSS,907,905,-103.4882784906266,694320.7836690126,709394.2587206721,0
77,77,2,CSS,912,896,-88.30832602225698,687442.8315286866,692406.5065168783,0
78,78,2,CSS,868,862,-94.12358469381375,682476.0977329185,690370.6891722755,0
79,79,2,CSS,872,864,-90.47315587664048,690832.3110737791,685037.4193510216,0
80,80,2,CSS,873,865,-93.07153866281416,685877.8086709814,684313.3661631005,0
81,81,2,CSS,874,871,-100.6528643373592,687697.2251334856,674663.7650684332,0
82,82,2,CSS,858,848,-92.2685045047256,692053.3503710569,694410.3016937115,0
83,83,2,CSS,895,893,-103.25143056723692,693156.2032026821,669740.3158795605,0
84,84,2,CSS,919,907,-85.82601878277212,690951.8624075518,687202.0431327668,0
85,85,2,CSS,923,911,-84.90258819862896,691520.3982544672,688221.5538766466,0
86,86,2,CSS,866,865,-108.99284136574337,653322.335660403,675212.50017158,0
87,87,2,CSS,848,847,-97.43362978415688,684661.9209968705,698492.7788111065,0
88,88,2,CSS,880,861,-82.20062318410135,690258.3547810711,690969.814915308,0
89,89,2,CSS,938,914,-82.03730196937775,690466.3059132658,688026.0592061759,0
90,90,2,CSS,872,863,-96.00686552264118,685229.1352543145,697035.5539648867,0
91,91,2,CSS,923,916,-85.15623071650361,687547.1898820434,687754.7236742328,0
92,92,2,CSS,878,872,-94.9496997681325,689230.1198796708,681713.5763630193,0
93,93,2,CSS,865,860,-103.46790081558954,679270.4835839369,671560.9477697592,0
94,94,2,CSS,886,883,-96.56109476605486,692223.707339228,680579.0193871453,0
95,95,2,CSS,901,887,-88.24514561839642,686586.8380252941,687246.4408745649,0
96,96,2,CSS,879,868,-92.90553384005636,685561.9183341748,684698.1262704133,0
97,97,2,CSS,876,872,-97.87415847396994,695218.4785326447,698494.9836669554,0
98,98,2,CSS,851,851,-109.88750979421485,722732.7118700424,662250.289271313,0
99,99,2,CSS,906,905,-111.61704042161597,659198.4985707767,732298.1446335937,0
100,100,2,CSS,839,836,-110.44255778614604,696136.6152106464,644081.6303162946,0
101,101,2,CSS,938,933,-102.67307723759836,677367.0955167306,675061.3319566167,0
102,102,2,CSS,959,945,-91.93787850328388,689884.2091983095,683988.1579635073,0
103,103,2,CSS,858,839,-82.38718000462625,687855.4675323248,688480.1928748204,0
104,104,2,CSS,874,858,-83.38316764821649,689637.0853683422,687390.6043103996,0
105,105,2,CSS,900,896,-100.18040789436272,675604.9561613406,686748.1580770331,0
106,106,2,CSS,881,875,-98.66129049004205,696032.3920438034,699183.4916307705,0
107,107,2,CSS,952,944,-94.96915088535116,681766.6793542879,690466.2353559321,0
108,108,2,CSS,869,868,-107.58578480019366,704435.1064838204,660050.2930094973,0
109,109,2,CSS,894,894,-110.58155636644076,701903.5394055697,644553.2184573808,0
110,110,2,CSS,907,906,-105.03950250830322,677583.7565526365,710982.5754942397,0
111,111,2,CSS,912,900,-92.24623925088852,684826.7555942689,686125.2387216797,0
112,112,2,CSS,920,912,-93.15532489575943,690350.4861341795,683219.3885907315,0
113,113,2,CSS,857,842,-90.66338194393974,690812.2823281024,693897.830606809,0
114,114,2,CSS,815,813,-105.6739217410892,701063.3341197247,665648.977113844,0
115,115,2,CSS,948,945,-103.34362195502061,669197.5641975563,690401.922368045,0
116,116,2,CSS,915,887,-85.1916137727873,691914.4394727735,689384.7530908409,0
117,117,2,CSS,919,896,-82.115272861832,689534.5241077457,691163.5395816067,0
118,118,2,CSS,867,859,-97.39628772824582,697550.6635331899,695565.6001882254,0
119,119,2,CSS,830,820,-87.27109565213182,691284.134675613,686840.2424637331,0
120,120,2,CSS,855,848,-94.2013657496922,685131.6132537548,683790.8170841759,0
121,121,2,CSS,938,938,-106.10485491720254,661696.491910117,691730.6151189682,0
122,122,2,CSS,869,865,-108.33822929689208,679565.7012886391,654818.7918480715,0
123,123,2,CSS,879,874,-99.85935358341304,702902.4807574276,690671.8601426507,0
124,124,2,CSS,877,867,-93.95435981445164,694358.8080044929,694171.2469107968,0
125,125,2,CSS,910,905,-100.3647560896301,701778.0988050931,696713.3906977822,0
126,126,2,CSS,882,864,-82.89071772966739,687490.1460632362,689430.2552126845,0
127,127,2,CSS,926,923,-106.10545181296278,692102.0814804826,661728.1719772987,0
128,128,2,CSS,906,903,-105.48727318458286,669691.8702808697,672615.0961357036,0
129,129,2,CSS,834,816,-85.9238394527793,686690.7869404877,689550.3769837769,0
130,130,2,CSS,907,893,-94.05646657816209,690039.1948839743,696329.6401451309,0
131,131,2,CSS,898,894,-106.7845127433447,717816.5390740652,679530.1030530888,0
132,132,2,CSS,875,868,-93.96194329468595,685993.2737678436,695372.7354313452,0
133,133,2,CSS,862,834,-82.754903390453,689161.1389638184,687536.4309799032,0
134,134,2,CSS,904,904,-109.11067610234022,715637.3043621513,718694.7087370364,0
135,135,2,CSS,881,877,-95.12797359526908,683251.5108801792,694292.3822854229,0
136,136,2,CSS,909,897,-95.3496238944885,692851.8055349538,696702.2475937475,0
137,137,2,CSS,898,896,-110.4830681960052,723071.1060124318,720822.1914577488,0
138,138,2,CSS,884,876,-97.6999355219855,687352.5899330656,679045.7952313914,0
139,139,2,CSS,878,874,-111.93583383303631,741399.0765481192,673318.7828527436,0
140,140,2,CSS,856,854,-95.9738102642303,697768.9013670777,691690.014841673,0
141,141,2,CSS,882,875,-97.50247816126668,694409.1712163872,698451.4138197999,0
142,142,2,CSS,916,913,-101.95243749679157,700103.2943385218,702938.0569576559,0
143,143,2,CSS,895,882,-82.97180322450026,691348.8794083341,689475.9364545834,0
144,144,2,CSS,852,848,-100.24697172799361,681737.0697976308,701321.5750333761,0
145,145,2,CSS,873,852,-85.9141984785342,688975.4712382407,692096.6746770898,0
146,146,2,CSS,881,868,-95.44697288810994,697492.4739650027,690490.2130771518,0
147,147,2,CSS,924,918,-98.01875575814168,694971.9193047559,698858.6061969263,0
148,148,2,CSS,852,840,-89.8250512756744,685542.0661822243,687608.8118537205,0
149,149,2,CSS,880,878,-111.59729047644775,680206.8236606538,740936.707450949,0
150,150,2,CSS,883,876,-94.9250589971982,684503.3419394419,695315.450524638,0
151,151,2,CSS,864,856,-94.4806552980259,696079.2861697195,686453.301418412,0
152,152,2,CSS,894,875,-84.36962561279626,688935.9161560924,691638.4149387592,0
153,153,2,CSS,845,836,-93.93077302873837,682719.5321113227,690863.474440933,0
154,154,2,CSS,907,900,-101.72039020127805,673141.2205892169,693550.1172795114,0
155,155,2,CSS,881,880,-105.10610950422246,695335.3162527533,665338.7612159526,0
156,156,2,CSS,882,878,-102.0789695380262,683750.3680693982,672856.4495747901,0
157,157,2,CSS,905,904,-108.08462563972886,724257.16599404,691844.6187037167,0
158,158,2,CSS,851,849,-105.04047408772095,680196.5653302562,712224.289140457,0
159,159,2,CSS,872,871,-104.584692536604,686121.229211097,666297.8176246153,0
160,160,2,CSS,915,907,-104.44823320363415,677666.2755857314,669656.4111459892,0
161,161,2,CSS,877,847,-82.80906480325494,689111.9206710298,691290.3277021674,0
162,162,2,CSS,871,870,-110.1137565674732,696480.4438857273,645857.7037257422,0
163,163,2,CSS,891,877,-90.01914590998143,691734.8670818598,685716.575610887,0
164,164,2,CSS,891,886,-101.60946779670564,679883.1706315331,675848.1369563886,0
165,165,2,CSS,953,949,-104.1999108912086,670013.1372672952,678340.6857204089,0
166,166,2,CSS,944,943,-108.57701943296243,725647.5424490153,696730.7892606418,0
167,167,2,CSS,898,897,-102.12875220900177,679185.3405875744,703730.9410622491,0
168,168,2,CSS,872,865,-100.86105740826922,702471.1418815225,681621.618318695,0
169,169,2,CSS,886,868,-91.29567516199897,692462.2702925749,693441.8584971068,0
170,170,2,CSS,877,873,-99.37340944758569,685288.5913287388,677279.2789323947,0
171,171,2,CSS,927,926,-108.84792287802267,659768.5420098576,665411.9233480929,0
172,172,2,CSS,910,906,-104.11433567160721,667931.5382044831,694676.8073921049,0
173,173,2,CSS,927,908,-88.5963260739863,688136.7439924448,692890.0552610728,0
174,174,2,CSS,917,908,-100.14708400304201,687403.8933876193,675548.8953071734,0
175,175,2,CSS,818,800,-92.57604034797215,695261.1121288515,689723.3390001936,0
176,176,2,CSS,876,868,-99.73783631106498,692892.9474878244,702311.3720063751,0
177,177,2,CSS,907,907,-109.31929409766896,652651.8788740421,672974.2657511831,0
178,178,2,CSS,856,846,-90.94920008988477,685950.4371202773,692820.2221840909,0
179,179,2,CSS,891,888,-105.0541538961958,711155.2078921217,701006.3089907941,0
180,180,2,CSS,898,876,-89.37499568744643,685672.0251013492,687847.8765016486,0
181,181,2,CSS,889,857,-82.07253881942664,691094.541307733,688939.7054966516,0
182,182,2,CSS,869,859,-92.36215125238792,693163.9608310768,685099.7030285707,0
183,183,2,CSS,906,886,-85.23424654666988,688643.7684302101,691807.0563425572,0
184,184,2,CSS,904,892,-98.47404834762433,684176.4860883044,679112.25019636,0
185,185,2,CSS,863,860,-100.89597956889472,682519.1960144194,675787.0596457645,0
186,186,2,CSS,904,904,-106.77114864625844,676308.1148066553,662391.7086207548,0
187,187,2,CSS,846,830,-89.41375853318522,689856.9955955195,685364.814380496,0
188,188,2,CSS,847,821,-82.14696345151008,687771.2482934921,688762.5608717626,0
189,189,2,CSS,883,872,-94.57498458182133,692796.2601679085,682859.4739583867,0
190,190,2,CSS,805,784,-85.32331746714607,689520.1730629762,691950.4823269261,0
191,191,2,CSS,899,897,-108.21852953375657,708301.9212032261,659385.7104976239,0
192,192,2,CSS,856,849,-93.79356571883122,682907.2637072396,687642.1770044712,0
193,193,2,CSS,854,825,-84.73775171371113,688236.7282303391,691476.6763597019,0
194,194,2,CSS,897,894,-107.92902981470729,659197.1815995293,705670.1872110092,0
195,195,2,CSS,880,879,-111.21306133401623,640450.9313384815,699925.766034444,0
196,196,2,CSS,953,933,-88.22842525365895,688205.0210156318,692751.3846702216,0
197,197,2,CSS,936,934,-102.68057740344625,707832.3956277841,692907.7741810507,0
198,198,2,CSS,857,846,-100.80488066216586,679616.2525433704,677907.4003428315,0
199,199,2,CSS,863,844,-85.3314550784197,687912.0686004397,687355.2248728225,0
200,200,2,CSS,870,857,-92.97214130733344,689400.4497400038,695542.7818747612,0
201,201,2,CSS,975,973,-110.9832953147666,654308.6162754322,723267.3295723321,0
202,202,2,CSS,847,827,-86.26225324271235,687955.4365094377,686981.6899334949,0
203,203,2,CSS,946,906,-82.24606408489957,690723.6422879928,688203.5256464678,0
204,204,2,CSS,913,912,-104.98865335576065,689824.5427876507,713865.0531174014,0
205,205,2,CSS,875,862,-90.39484707095012,685755.7715194969,686688.9192308555,0
206,206,2,CSS,888,886,-104.29289893656909,670947.2166249432,676422.028772268,0
207,207,2,CSS,862,858,-106.757332915537,714454.6046480099,672928.2343223202,0
208,208,2,CSS,899,892,-91.07577140723279,685493.8978927245,692403.0685084576,0
209,209,2,CSS,857,855,-111.91051833617371,688393.1279775946,743664.7512746059,0
210,210,2,CSS,924,888,-82.39653943053732,689608.7453909172,691214.9039208582,0
211,211,2,CSS,900,884,-88.79976663058706,692373.771152466,691779.0990088041,0
212,212,2,CSS,877,875,-105.76470082064614,701659.0945952774,665637.2891705435,0
213,213,2,CSS,878,875,-103.87050704851798,709130.7858048518,697985.558397438,0
214,214,2,CSS,871,852,-91.28328403732094,687096.0144604882,684924.7883253314,0
215,215,2,CSS,843,833,-94.31275539627754,689242.6614388386,682257.8420211856,0
216,216,2,CSS,881,846,-83.6461982507016,687345.6696373569,689765.375149775,0
217,217,2,CSS,893,879,-89.56069566753953,685884.6779780416,687241.711022636,0
218,218,2,CSS,906,882,-86.96184440649817,689486.1292471903,686342.3852297274,0
219,219,2,CSS,876,859,-86.19779249398927,692018.6962617438,690460.7479098362,0
220,220,2,CSS,823,822,-111.56618398562836,638349.0678494929,678792.9967615143,0
221,221,2,CSS,840,830,-99.2669300959923,695780.7253862376,700348.243537179,0
222,222,2,CSS,905,882,-90.14671357346788,693532.0372701997,691033.9666886061,0
223,223,2,CSS,893,891,-109.71997779198755,705196.9671917569,650309.695294343,0
224,224,2,CSS,885,873,-92.94498442834458,689064.3222630288,695513.8107328006,0
225,225,2,CSS,879,847,-83.86712478489207,690027.9433314095,691470.0559179441,0
226,226,2,CSS,899,886,-95.634268721088,697716.876896041,688765.3408539897,0
227,227,2,CSS,914,906,-101.54907828102367,680914.037422727,675313.5298571276,0
228,228,2,CSS,897,878,-91.011820736362,685695.7355249027,692594.9956717215,0
229,229,2,CSS,854,848,-96.15626044011053,680706.3116297794,687830.8654449434,0
230,230,2,CSS,915,909,-102.64237696578498,706244.3795477421,681340.4552268115,0
231,231,2,CSS,839,817,-84.51987012039264,687116.1359956107,689732.3545895978,0
232,232,2,CSS,869,839,-89.17887120903295,690839.641949663,685715.4481985148,0
233,233,2,CSS,923,901,-88.72779941185692,687551.0041878925,686141.4593680487,0
234,234,2,CSS,846,844,-111.37692593563642,662501.2088449189,646052.7704303694,0
235,235,2,CSS,844,830,-92.57425780508524,688176.598638555,683685.3090649255,0
236,236,2,CSS,903,876,-84.15511175744126,687789.583138854,690930.2449131699,0
237,237,2,CSS,911,883,-85.70054055545512,691917.5219055705,688536.6341631179,0
238,238,2,CSS,859,855,-101.1778191395081,699441.9780015714,701581.3601755258,0
239,239,2,CSS,862,850,-93.76273938458927,693783.9612078441,684313.6253625811,0
240,240,2,CSS,909,884,-95.1536985015467,682766.8595613507,685169.5906461499,0
241,241,2,CSS,954,951,-111.71705173911454,673317.469098806,638842.109169406,0
242,242,2,CSS,913,907,-104.80833270991212,704926.4218975859,671159.5438659285,0
243,243,2,CSS,849,840,-94.55840016934064,682149.7573507894,688207.0230112629,0
244,244,2,CSS,882,846,-84.49841079869232,689613.7298401012,687108.3704029963,0
245,245,2,CSS,871,869,-103.21395809248361,679473.0470673972,672126.478342267,0
246,246,2,CSS,942,935,-98.11226805316862,680000.2243995182,683560.001029166,0
247,247,2,CSS,886,882,-106.68148505624303,715354.829210649,703909.9449098564,0
248,248,2,CSS,834,831,-111.03418182972324,703704.3096324287,736338.1965145989,0
249,249,2,CSS,901,891,-98.57752966339082,680222.3947052564,696639.5698650508,0
250,250,2,CSS,866,835,-84.90134474275044,689485.8358318775,686990.8628431573,0
251,251,2,CSS,881,871,-90.89549718296487,689601.7391033525,694235.095854576,0
252,252,2,CSS,889,889,-108.68057282491256,722108.8073618099,671231.3909679023,0
253,253,2,CSS,891,885,-99.82845904785077,691564.7004471652,676081.7134521066,0
254,254,2,CSS,874,862,-96.40017746495117,689308.9948776454,698509.3335721637,0
255,255,2,CSS,880,875,-102.5401487862711,694297.2109854805,671620.1632386234,0
256,256,2,CSS,873,866,-98.05357480140147,678405.0039973141,689539.6420616547,0
257,257,2,CSS,966,963,-110.71412180072303,645115.802855473,672875.4171299331,0
258,258,2,CSS,907,888,-88.90711496248872,685761.8987339576,690606.8201395517,0
259,259,2,CSS,897,871,-86.52617191750333,691383.7722947001,687259.0520293451,0
260,260,2,CSS,899,887,-95.90851188153182,692512.6152713837,681391.7446709331,0
261,261,2,CSS,886,862,-90.69632483353149,693956.5261359669,690676.571525725,0
262,262,2,CSS,855,854,-109.50315650412418,659807.2107131304,717961.5168105904,0
263,263,2,CSS,879,867,-96.58090392277806,696417.6156270464,695511.435673054,0
264,264,2,CSS,866,858,-101.11451245871157,694802.4341147052,674711.6431684336,0
265,265,2,CSS,876,871,-102.11502352184664,697395.1686000088,705060.3019016712,0
266,266,2,CSS,883,868,-90.42204848176495,693899.3495881977,690280.2742530163,0
267,267,2,CSS,847,818,-83.47280833058797,690867.9964525943,687963.0805167948,0
268,268,2,CSS,867,849,-92.12641955382745,694917.4758272048,690201.3039294066,0
269,269,2,CSS,864,844,-90.01420876949025,687984.6233344403,693533.2489357399,0
270,270,2,CSS,913,893,-91.55834899839161,694616.2853813374,689648.9191199193,0
271,271,2,CSS,870,867,-101.5683362716697,705470.8559017138,685639.7728701155,0
272,272,2,CSS,870,870,-107.22248582995786,662914.4986223322,672136.2474283777,0
273,273,2,CSS,882,859,-87.30755942028367,686649.507726871,687805.7297038741,0
274,274,2,CSS,850,837,-93.73977674808643,685929.1583012779,683688.6810012743,0
275,275,2,CSS,881,842,-83.09333573266322,689293.9582118042,691373.8011921876,0
276,276,2,CSS,899,886,-94.52505883245269,682376.6384269522,687342.511379792,0
277,277,2,CSS,848,844,-111.9361207062494,660659.4016114789,643202.1178577668,0
278,278,2,CSS,880,880,-103.41416910534052,688216.7327789669,669043.2319445036,0
279,279,2,CSS,911,906,-103.47196493587253,709825.03048985,691672.9411793131,0
280,280,2,CSS,894,870,-87.52849860022764,692317.817587817,690922.8261076957,0
281,281,2,CSS,885,878,-103.61094933819051,709253.9140154748,682943.6760086783,0
282,282,2,CSS,895,864,-84.21780194702778,690929.5528435943,687766.9566270764,0
283,283,2,CSS,885,850,-85.3335821844168,691721.3664460415,688344.0488519057,0
284,284,2,CSS,898,863,-86.58386026307615,686812.8186308186,690784.3639524678,0
285,285,2,CSS,921,900,-90.8448918713661,687452.9065239654,693793.2520699183,0
286,286,2,CSS,895,861,-87.16287342577138,692485.1935741437,690057.3435198531,0
287,287,2,CSS,895,894,-106.03054057149902,716041.5177049572,682257.8624724146,0
288,288,2,CSS,901,891,-94.64132868679977,685973.1428968553,695998.92525237,0
289,289,2,CSS,820,820,-108.5913707524718,692320.7822806013,726326.0799522655,0
290,290,2,CSS,874,870,-103.25122087997622,693775.2087409358,708953.1770525441,0
291,291,2,CSS,832,828,-108.93120911934255,658504.3495422308,712380.004068989,0
292,292,2,CSS,899,873,-86.42357219142711,689244.8251759567,692291.2971714027,0
293,293,2,CSS,900,897,-107.78484590319404,713960.4302177862,712565.2522324218,0
294,294,2,CSS,872,869,-104.08375182793989,710500.9020479234,683017.266324738,0
295,295,2,CSS,907,891,-89.66783173595115,686761.5325254262,692658.9513251345,0
296,296,2,CSS,907,899,-102.63427168097014,679770.7971650303,673445.003217327,0
297,297,2,CSS,883,871,-93.98190782599653,694982.359243212,685361.2243512166,0
298,298,2,CSS,882,849,-83.96822940885862,687985.6472182983,687768.5859787348,0
299,299,2,CSS,854,850,-100.3825481881987,701661.8354390799,696963.075911021,0
300,300,2,CSS,912,910,-108.40764358613995,658181.3663939785,670996.2779468318,0
301,301,2,CSS,901,882,-93.30678659728255,683092.2148831476,690237.7625173638,0
302,302,2,CSS,823,774,-82.66945670711976,690663.7419487231,690802.9048218281,0
303,303,2,CSS,885,879,-98.79854519146498,695543.2585786805,699717.0180814089,0
304,304,2,CSS,873,839,-86.81289115698824,689489.4562144582,686394.6761243358,0
305,305,2,CSS,911,886,-87.4077691876216,692478.3234895006,688394.9215759569,0
306,306,2,CSS,933,930,-104.38408709925267,707582.3979452671,703203.7012830112,0
307,307,2,CSS,829,825,-103.11506120575864,673157.8475821448,678257.403593346,0
308,308,2,CSS,904,889,-94.44430923314562,687115.8400819569,696303.2255482589,0
309,309,2,CSS,874,845,-85.58127051190895,687063.8109600288,688250.4101922533,0
310,310,2,CSS,944,942,-102.89246580936684,698177.3871232476,672314.0974743523,0
311,311,2,CSS,846,840,-101.99320358304051,706534.3901553917,686784.250220318,0
312,312,2,CSS,916,884,-83.57284812995046,688553.1033861421,687518.477132693,0
313,313,2,CSS,893,891,-104.35567443846418,692079.3827372108,666829.4961126972,0
314,314,2,CSS,879,839,-84.86124859034251,689211.3891435042,687009.1378205251,0
315,315,2,CSS,884,882,-105.50423288813617,666630.2841491746,701845.2549129879,0
316,316,2,CSS,898,884,-95.79133746329336,688900.1857424618,697878.5610001513,0
317,317,2,CSS,877,851,-90.11724469782477,693634.6517778423,690693.6048318349,0
318,318,2,CSS,897,875,-89.5916974891033,692283.8969150631,686409.3303093662,0
319,319,2,CSS,889,877,-97.59871066219846,694367.3294253335,680216.6254545628,0
320,320,2,CSS,905,898,-102.00203624115392,706745.8336483402,689885.1635212648,0
321,321,2,CSS,901,887,-95.33899973601038,682959.9439530493,694230.3870174462,0
322,322,2,CSS,871,868,-106.08576133319593,715414.3469837522,699101.5847443505,0
323,323,2,CSS,848,819,-89.39769646047726,685812.4546832602,687524.248823079,0
324,324,2,CSS,860,854,-103.09906329754438,673319.1782195193,678088.7991494128,0
325,325,2,CSS,824,820,-105.00214287998921,712050.9108537743,698763.3806822231,0
326,326,2,CSS,849,819,-89.65303591559154,693162.0368418456,687556.5902731273,0
327,327,2,CSS,881,855,-84.79162801516875,691579.4769805423,690418.0339285099,0
328,328,2,CSS,863,846,-94.3967430555153,696441.50717599,691074.6358791818,0
329,329,2,CSS,831,827,-106.99587724447856,663184.307991893,705590.5294887036,0
330,330,2,CSS,869,854,-93.68716462528161,685310.2720971674,694656.1802487469,0
331,331,2,CSS,906,899,-98.92431692493142,677801.217769861,685769.9226187023,0
332,332,2,CSS,910,910,-109.5516859720517,651586.6416128116,706139.4731318278,0
333,333,2,CSS,817,800,-99.33189501909916,676906.390210873,686911.8435297332,0
334,334,2,CSS,888,888,-107.00012617301336,706741.7440213291,714909.8504379109,0
335,335,2,CSS,897,877,-91.84751618695867,690254.8505567483,694731.6111067242,0
336,336,2,CSS,846,835,-94.43996078410608,694900.6899275222,684659.0503382932,0
337,337,2,CSS,891,888,-105.05745122657545,700555.7010292498,711400.0572314023,0
338,338,2,CSS,947,908,-86.6348364181115,691675.7444007903,691310.8893921721,0
339,339,2,CSS,897,895,-109.39798309844844,724109.506338247,710554.7571082755,0
340,340,2,CSS,878,875,-108.34353822134848,655803.6647652658,702282.6753256955,0
341,341,2,CSS,849,845,-107.49302588662633,721097.8582343232,697204.0091319071,0
342,342,2,CSS,842,841,-98.82841739122793,691503.5472027746,677560.578417829,0
343,343,2,CSS,848,839,-99.01488361800408,693135.2170636116,701128.2690436953,0
344,344,2,CSS,944,930,-97.6310640411242,680706.8406633083,683566.7602287122,0
345,345,2,CSS,859,849,-97.77379016970937,679865.2781045609,694151.1533844195,0
346,346,2,CSS,896,881,-93.2670493114777,683396.5181717736,691427.6070699531,0
347,347,2,CSS,936,906,-92.2862107095952,693135.2097210491,685140.6459965064,0
348,348,2,CSS,870,867,-109.56603350439931,653227.2305938099,709583.2342474217,0
349,349,2,CSS,852,808,-82.89093638919175,688727.9132874465,687615.5532742874,0
