,dev_id,set,modulation,pkt_sent,pkt_lost,pkt_rx_power,pos_x,pos_y,pos_z
0,0,1,CSS,254,244,-86.84002488142494,687785.9703148069,686857.4331467745,0
1,1,1,CSS,258,246,-90.95604455176212,685880.1023123582,686069.1033844306,0
2,2,1,CSS,275,268,-86.3422227477921,691643.3323338898,687626.0758152496,0
3,3,1,CSS,275,270,-106.84842259458914,707076.7950465442,664797.2760095287,0
4,4,1,CSS,247,245,-111.48630007233957,737331.2622094549,708753.5958796769,0
5,5,1,CSS,261,254,-81.11864184718756,689071.9996586377,690940.3126730225,0
6,6,1,CSS,248,246,-114.34149905611264,698551.3425029465,618206.7083739553,0
7,7,1,CSS,266,261,-104.14618072559638,700829.4566631055,670376.442544941,0
8,8,1,CSS,245,243,-107.05627442114766,705075.2507790731,716198.0553727153,0
9,9,1,CSS,242,234,-83.25217965980268,690055.244932079,687514.8819301606,0
10,10,1,CSS,254,252,-89.81404369997237,688672.0005903417,685212.869709453,0
11,11,1,CSS,244,244,-117.32873373076887,632272.361605518,773003.9054967925,0
12,12,1,CSS,229,222,-92.3358509281517,694765.730443772,687461.2310737743,0
13,13,1,CSS,235,235,-109.28365316319801,658901.7081467189,663385.4249066554,0
14,14,1,CSS,234,234,-117.15072825712815,590392.4464118733,695427.0901458093,0
15,15,1,CSS,253,248,-104.82343246608087,667199.2403553347,698492.868833456,0
16,16,1,CSS,242,237,-81.31234867566717,688938.2362089625,690941.4027644729,0
17,17,1,CSS,246,239,-85.0565840085108,686965.2330287372,689717.9861647593,0
18,18,1,CSS,261,261,-113.89194565106482,739147.0453958183,736027.9274249007,0
19,19,1,CSS,211,206,-86.43242922831614,689020.6814031914,686549.4671840948,0
20,20,1,CSS,234,224,-83.08091156387069,691347.1384979078,689737.512269235,0
21,21,1,CSS,265,258,-93.06508811885257,683423.146186846,691010.319430852,0
22,22,1,CSS,245,244,-104.15724631189045,683169.7671008867,668080.2826200541,0
23,23,1,CSS,255,248,-102.55070805661084,695950.6558462766,672135.2815645856,0
24,24,1,CSS,237,234,-91.28336120941238,684414.9683616158,690135.8268561247,0
25,25,1,CSS,277,272,-100.933794171948,704142.2821277323,693669.709996122,0
26,26,1,CSS,242,240,-88.53163130627433,689552.1513872137,685736.1322530862,0
27,27,1,CSS,242,234,-76.63363709901074,690344.4641540963,689458.6243209373,0
28,28,1,CSS,252,245,-99.38851988129504,702211.4468115206,690356.3429938247,0
29,29,1,CSS,265,265,-117.29697314332822,653476.5384154888,595142.1977603101,0
30,30,1,CSS,241,241,-115.15023212115489,636200.4093386504,747523.7459827298,0
31,31,1,CSS,260,248,-81.42740188166471,691025.4582197032,689578.4515870818,0
32,32,1,CSS,272,266,-90.52147608362324,687509.9384447478,685195.4441687268,0
33,33,1,CSS,249,247,-109.3967356843348,729532.9080910513,683023.2664296946,0
34,34,1,CSS,235,234,-114.7041862074544,692648.1958676073,764190.581432941,0
35,35,1,CSS,238,233,-105.41707504494391,666057.629415474,678696.1162816125,0
36,36,1,CSS,260,254,-86.45385003245904,687481.1661251059,687252.8293359258,0
37,37,1,CSS,256,253,-100.76662483223632,692101.4370398351,704210.6450533738,0
38,38,1,CSS,250,249,-113.02774643289337,718355.3318339207,634908.1461016715,0
39,39,1,CSS,235,226,-89.70141423102754,690755.1791562367,685423.7166266425,0
40,40,1,CSS,236,235,-113.47931042917897,631880.3257205044,719674.0589515123,0
41,41,1,CSS,242,235,-87.62254426117079,686890.2965181165,691559.5494707722,0
42,42,1,CSS,259,250,-101.36064437440935,674750.3543270212,682740.2930901839,0
43,43,1,CSS,249,249,-113.02423701404643,746584.1166583791,666248.6601385246,0
44,44,1,CSS,249,247,-106.92171881494426,660119.7251731266,680718.4661836654,0
45,45,1,CSS,234,229,-78.88480271017424,688208.0126368323,689270.083106074,0
46,46,1,CSS,265,257,-93.06684047639831,685194.9047682685,684866.5243206667,0
47,47,1,CSS,285,275,-89.84738123013258,690880.7900592143,693429.7252498834,0
48,48,1,CSS,270,264,-101.82611099970123,687107.9350964905,672574.168074993,0
49,49,1,CSS,258,257,-107.69451579186418,669972.7441007036,662253.9260428349,0
50,50,2,CSS,893,876,-84.44489147390483,687198.1063650451,690028.1405726244,0
51,51,2,CSS,876,870,-91.3455818958056,686396.1394174681,685316.6038806764,0
52,52,2,CSS,889,888,-110.75074922524942,725016.3427166472,720822.5092086233,0
53,53,2,CSS,924,921,-116.4790238967804,656940.0020254323,775296.5096936574,0
54,54,2,CSS,890,882,-113.75537681008397,668633.9174507487,625604.4618693289,0
55,55,2,CSS,889,885,-99.44865016271987,678350.871551048,682724.0339943172,0
56,56,2,CSS,867,852,-87.5582553261917,691769.7575695382,687120.7430710093,0
57,57,2,CSS,931,925,-96.93718525678294,683397.2223644287,681826.7120906198,0
58,58,2,CSS,924,917,-95.79827448926294,681027.5568082222,690750.1922198458,0
59,59,2,CSS,835,831,-107.8111913970152,656683.9294200465,698051.7177873396,0
60,60,2,CSS,901,879,-76.46746229787452,688760.8359108708,688764.3827176937,0
61,61,2,CSS,963,949,-87.02838035455122,692098.0446842305,690943.0879155246,0
62,62,2,CSS,906,889,-77.98580609290622,689930.2208044496,688450.1997846453,0
63,63,2,CSS,910,903,-93.09080317913212,688582.9859890523,683250.2592630924,0
64,64,2,CSS,857,854,-117.63342254104771,584668.329478139,694577.880302223,0
65,65,2,CSS,908,908,-110.74612843961853,656494.8172977768,723595.073515266,0
66,66,2,CSS,868,866,-111.36086728471983,740084.6051860986,684248.8761920987,0
67,67,2,CSS,895,887,-93.92051984381085,690066.4845561914,682603.2688023413,0
68,68,2,CSS,917,907,-97.19848309380335,686579.4354748023,679846.5353471992,0
69,69,2,CSS,879,875,-105.75468342114246,705510.788963855,668095.4151346326,0
70,70,2,CSS,882,876,-102.75186656533117,671561.0294526195,695637.7575400977,0
71,71,2,CSS,927,922,-113.30290623878217,725044.5277869542,742209.5130703951,0
72,72,2,CSS,892,890,-114.20768966117424,722669.8939892856,751789.5059940774,0
73,73,2,CSS,842,830,-89.25031819750775,685815.8200440187,687669.3937984708,0
74,74,2,CSS,908,907,-112.8651431865552,637422.2078171573,720484.3027537595,0
75,75,2,CSS,880,868,-91.16453026279106,692823.9378479401,693037.2486670298,0
76,76,2,CSS,925,920,-108.18658400369262,664103.3724979924,714082.5732018086,0
77,77,2,CSS,897,881,-84.25610475370688,687290.1348560054,688665.8934052257,0
78,78,2,CSS,843,833,-93.2501439877439,695527.3669475234,687775.6361696903,0
79,79,2,CSS,865,854,-93.86377858811673,688129.5495308398,682738.2492416092,0
80,80,2,CSS,905,902,-108.09502963730398,661585.4135201288,668225.1298398805,0
81,81,2,CSS,866,855,-86.71766251763505,690315.3912045734,686566.8865768744,0
82,82,2,CSS,914,909,-97.27630336072683,694304.242001974,680616.0097366883,0
83,83,2,CSS,853,850,-107.44545643507571,691297.9164262139,657013.0332092644,0
84,84,2,CSS,820,816,-107.09293030618556,679569.5580325386,718978.259323713,0
85,85,2,CSS,912,900,-94.61912465265425,684287.7412760691,694767.3272434168,0
86,86,2,CSS,881,878,-111.30678120558082,673249.7372493416,737381.4583928385,0
87,87,2,CSS,901,867,-79.09230598415975,688529.2582891455,688538.4386326167,0
88,88,2,CSS,885,879,-97.3921504914839,679303.7640065787,690781.3477191705,0
89,89,2,CSS,867,852,-87.54100799074419,688700.2965028788,692614.291027156,0
90,90,2,CSS,843,820,-83.12846972136448,690706.6614927091,690900.6151627054,0
91,91,2,CSS,874,872,-106.29025178434208,703976.171112558,665017.0603111984,0
92,92,2,CSS,862,835,-77.36069013763047,689339.5363630655,688397.2324432293,0
93,93,2,CSS,875,852,-77.2539293335901,688657.7213396563,688747.4317451064,0
94,94,2,CSS,880,871,-97.72317060357513,685578.783161911,679532.3510943332,0
95,95,2,CSS,899,897,-112.75301269053126,749075.5397348518,693287.2847625589,0
96,96,2,CSS,856,847,-100.1302668772599,690062.3541155208,675446.6188732194,0
97,97,2,CSS,872,870,-116.21083044134173,659595.5501618467,773296.9213203386,0
98,98,2,CSS,847,840,-96.63640009431955,680066.0240905551,689112.0628371388,0
99,99,2,CSS,857,856,-115.34903784026201,768715.7686398755,703903.0666314693,0
100,100,2,CSS,866,839,-80.08116015328957,688517.0241911055,688346.5206901535,0
101,101,2,CSS,901,896,-100.31617551252174,679412.2977588924,679212.8875330981,0
102,102,2,CSS,929,902,-76.3736289094335,690314.3049936435,689327.9618685241,0
103,103,2,CSS,901,867,-81.99267138484409,687705.3245937907,689108.6645659,0
104,104,2,CSS,916,904,-96.89460226339848,694620.8437862663,697512.2561723646,0
105,105,2,CSS,862,861,-116.5938996517682,667267.1006488637,779778.6424313246,0
106,106,2,CSS,841,813,-76.1207544238113,688596.4119030117,689746.794107739,0
107,107,2,CSS,930,930,-112.51317085668393,655771.5827864431,641964.1893607867,0
108,108,2,CSS,851,850,-115.75227302764213,630754.4069291009,628657.2472273716,0
109,109,2,CSS,887,882,-115.01823842147806,628042.7425783203,641907.9249463988,0
110,110,2,CSS,871,858,-87.12283479782532,691471.5258265878,687058.9587265368,0
111,111,2,CSS,891,881,-98.17588208491819,700568.4646534718,689064.8854954365,0
112,112,2,CSS,847,831,-86.03996295688619,691981.0002444008,690418.5374059656,0
113,113,2,CSS,937,929,-97.16856422217808,682738.31482767,696779.1021616578,0
114,114,2,CSS,915,910,-110.02577787946004,725346.8948591175,714239.1209819486,0
115,115,2,CSS,884,881,-113.54585906741318,653916.8359006258,634356.0712711375,0
116,116,2,CSS,935,930,-105.8903946768124,670457.0102559358,669995.7122181732,0
117,117,2,CSS,891,860,-76.80001780512079,690121.1938905232,688775.8886484193,0
118,118,2,CSS,874,871,-107.43201534353051,720912.1840431998,697001.0993190564,0
119,119,2,CSS,939,913,-76.06295987350661,688951.1891424714,690155.7301205086,0
120,120,2,CSS,863,851,-92.23097812565761,685936.0221874228,693840.9507343817,0
121,121,2,CSS,887,877,-96.05737374090391,698126.9158546948,690145.3285818908,0
122,122,2,CSS,880,869,-88.56801224585381,686205.5553530573,687577.0226783401,0
123,123,2,CSS,893,883,-91.01886107931684,692727.1347208109,685807.7915264091,0
124,124,2,CSS,860,836,-86.13467027737644,688773.0892266819,686694.1821635005,0
125,125,2,CSS,903,900,-105.1699029935387,710419.4981238223,675908.8796010155,0
126,126,2,CSS,877,854,-77.7813783076831,688687.3270690325,690194.6979710876,0
127,127,2,CSS,879,874,-99.0533644803725,700436.3457865478,683847.6120433689,0
128,128,2,CSS,922,917,-103.81742598367924,709535.3480579938,682214.7176604547,0
129,129,2,CSS,832,828,-100.50025843914143,703822.1147988443,691675.2896239617,0
130,130,2,CSS,885,847,-79.11593759669407,689650.7910857473,688190.4557727289,0
131,131,2,CSS,893,882,-93.89217046537784,685165.2393101292,684077.7043013321,0
132,132,2,CSS,889,871,-88.66920494699147,685778.9405783378,688534.6417616755,0
133,133,2,CSS,899,889,-93.0042019325099,693854.7029949661,685152.954144755,0
134,134,2,CSS,904,889,-88.20663377373239,690198.4284082184,692864.8940893391,0
135,135,2,CSS,865,857,-101.03118916678038,689758.882759643,673907.4760084928,0
136,136,2,CSS,906,888,-91.59544403964,684339.5711490243,688120.6054475099,0
137,137,2,CSS,928,917,-92.68132381214907,685586.822532129,684878.9768000285,0
138,138,2,CSS,927,923,-93.33503830475914,691587.3831749753,683399.4295878067,0
139,139,2,CSS,887,882,-106.3885040160843,715548.9683856748,701347.7106649721,0
140,140,2,CSS,900,895,-106.15082861582974,663543.2991853728,678801.1935432242,0
141,141,2,CSS,880,866,-91.36605914101625,691947.7401041966,693831.4753168464,0
142,142,2,CSS,873,871,-104.36690723856967,710255.224104056,698570.800516795,0
143,143,2,CSS,833,812,-89.96030336821457,693205.4203034181,687314.5390858582,0
144,144,2,CSS,839,822,-88.26974112726327,691524.4642612634,692286.1319697127,0
145,145,2,CSS,866,847,-88.2098336361614,689282.2087371788,685869.5186067283,0
146,146,2,CSS,950,947,-104.80684715028627,676340.8351243307,709481.3388292807,0
147,147,2,CSS,911,906,-107.68935599883893,719002.7738633236,673972.2490822909,0
148,148,2,CSS,902,885,-86.59096919002742,690404.5380776209,686642.660076291,0
149,149,2,CSS,851,838,-87.93705443406135,691825.617224714,686968.9197594315,0
150,150,2,CSS,932,906,-86.41974928494493,687662.4432411521,691704.2403574077,0
151,151,2,CSS,850,847,-110.72626306353908,659098.9311448431,653038.9390548887,0
152,152,2,CSS,890,873,-89.01211277019215,686453.582408048,686889.0050604736,0
153,153,2,CSS,869,861,-103.72969480544641,680829.5291224063,708750.0676049698,0
154,154,2,CSS,889,884,-111.726462576996,712619.9038081894,641623.2360400665,0
155,155,2,CSS,883,883,-110.55423132804557,717896.2736340078,652760.3020412769,0
156,156,2,CSS,897,887,-91.36034339957774,685152.1120657919,686617.5501746682,0
157,157,2,CSS,924,913,-95.55560339872237,693694.9008781817,696468.3953469399,0
158,158,2,CSS,917,883,-80.05995810570485,690615.6560783541,690097.8058175006,0
159,159,2,CSS,872,846,-81.12033350138411,690803.0672823332,690129.9041089724,0
160,160,2,CSS,873,857,-97.45687191018239,680143.5420820045,684971.3727413098,0
161,161,2,CSS,905,883,-84.18407950505745,689591.8477267474,691633.0334612478,0
162,162,2,CSS,878,863,-93.70568012300564,688703.9482256803,696045.5573869867,0
163,163,2,CSS,902,862,-77.27513981974312,689496.967606419,688408.356029938,0
164,164,2,CSS,889,859,-86.4121515113069,687906.2727731164,686953.8346370216,0
165,165,2,CSS,920,912,-99.44412645886155,697566.948792024,699428.4123952693,0
166,166,2,CSS,919,910,-98.46832138956054,700155.5701629781,685186.9362587661,0
167,167,2,CSS,920,907,-94.42524338814118,682609.0525182426,686906.4274226166,0
168,168,2,CSS,895,882,-89.47617525585795,685378.5521383499,690152.4616080079,0
169,169,2,CSS,893,868,-82.22168377388252,689193.2087866561,687645.8417753757,0
170,170,2,CSS,863,848,-88.87209272553966,685728.7977040644,688377.1350829083,0
171,171,2,CSS,873,864,-92.5441557005403,691811.3256531097,694731.5967211315,0
172,172,2,CSS,840,828,-90.29509761642748,685517.1438633017,691677.4249151911,0
173,173,2,CSS,858,851,-100.67054139349526,692965.4739841343,674965.1469251815,0
174,174,2,CSS,897,896,-117.76917522045201,583303.3234812965,680025.7433982372,0
175,175,2,CSS,891,858,-81.22989647467402,687825.1353503661,689361.7908363121,0
176,176,2,CSS,866,833,-77.44580351608309,689438.4479227102,688385.07627487,0
177,177,2,CSS,928,917,-99.40931639825402,677723.4199944139,684031.7461720657,0
178,178,2,CSS,898,893,-103.82515138589453,668024.776285436,688943.5028289878,0
179,179,2,CSS,907,883,-84.74399592741506,691778.2769373393,689187.2671662286,0
180,180,2,CSS,969,948,-90.98718540740792,684602.6170691284,688583.3217348406,0
181,181,2,CSS,907,903,-106.88159946607962,680530.6181682349,660323.3120852279,0
182,182,2,CSS,889,880,-96.74562042300002,686483.7128155569,680406.8192211441,0
183,183,2,CSS,865,858,-109.6768307112031,710623.84648061,653209.5370797308,0
184,184,2,CSS,874,872,-108.58803135032372,653078.2633372459,696486.8935383528,0
185,185,2,CSS,854,842,-92.13341896542693,693411.6419007994,685539.2257858973,0
186,186,2,CSS,875,842,-83.5382522127924,689048.7284354481,691448.6778675175,0
187,187,2,CSS,870,845,-83.03566752987894,691134.4991213648,690330.1510040436,0
188,188,2,CSS,892,875,-86.14906165576011,686616.1988421823,689356.5381779384,0
189,189,2,CSS,897,889,-100.52944220633563,679892.25657276,678291.8453245667,0
190,190,2,CSS,927,918,-95.1261758868769,681657.4104320145,690685.1607301593,0
191,191,2,CSS,866,865,-110.41404320474965,724883.0516674053,660636.420193715,0
192,192,2,CSS,891,886,-101.99691682336825,698068.994930567,704424.5317028912,0
193,193,2,CSS,904,892,-94.08106787765723,692936.9423978976,683402.3308286748,0
194,194,2,CSS,868,853,-92.66536544501962,694568.7163048649,692314.8865219754,0
195,195,2,CSS,885,853,-81.59640737892991,690364.8790377583,688058.5307201251,0
196,196,2,CSS,887,859,-84.2342242656422,690011.0236862432,687250.4840293824,0
197,197,2,CSS,846,815,-81.41527778286783,689473.2266047356,691030.6600777734,0
198,198,2,CSS,864,858,-105.35327922318072,682370.9754528071,664895.7042721479,0
199,199,2,CSS,875,869,-113.01795143154774,715915.4193126415,633757.863419114,0
200,200,2,CSS,864,847,-92.48438865396406,687617.239022403,683898.5527631759,0
201,201,2,CSS,898,894,-116.58430544025174,780078.7779945779,668992.5191171735,0
202,202,2,CSS,918,913,-103.10178715675502,675277.2441403319,675713.5990734826,0
203,203,2,CSS,850,821,-82.56261602902356,689907.0330032675,691192.9919873957,0
204,204,2,CSS,896,865,-81.77523611518232,689856.5743713509,691040.6201698898,0
205,205,2,CSS,898,896,-112.25096898656295,667155.0607962278,637552.6166455225,0
206,206,2,CSS,876,865,-98.17319140870467,688857.8749185691,700556.6577989813,0
207,207,2,CSS,878,875,-112.59223205302743,639370.1017360524,720084.5244256039,0
208,208,2,CSS,907,877,-80.83000001758144,690919.977584318,689548.5744882828,0
209,209,2,CSS,921,907,-96.19073709308323,697438.3431620654,685609.1587852056,0
210,210,2,CSS,888,878,-99.58522358999083,701102.7847961184,695384.323481846,0
211,211,2,CSS,890,877,-97.27065784738235,698860.5460190616,685965.6902060308,0
212,212,2,CSS,875,862,-89.1203361833022,692315.3257597487,692066.720257369,0
213,213,2,CSS,923,919,-109.11039569786635,728720.6155202058,689316.173070649,0
214,214,2,CSS,901,880,-88.05335389573723,687923.4558001858,686264.3437236323,0
215,215,2,CSS,922,893,-86.26416140731651,687121.9666348456,687742.4487267036,0
216,216,2,CSS,857,850,-103.23825930349068,669688.3080721915,686130.2090613323,0
217,217,2,CSS,930,885,-76.81593555616008,688981.9102305348,688558.3823140175,0
218,218,2,CSS,908,902,-107.02742262086394,719343.2956613982,681626.5949056346,0
219,219,2,CSS,918,918,-110.42556472649277,643736.9208866965,687031.2120358513,0
220,220,2,CSS,945,940,-105.83389407318839,685968.5643126842,716147.5093101141,0
221,221,2,CSS,909,888,-89.397905863112,689052.2293810269,693458.3989289188,0
222,222,2,CSS,918,898,-91.55945156860449,694615.7441005764,689673.9339766046,0
223,223,2,CSS,893,873,-89.0292854873812,692038.2608986252,686536.2599432701,0
224,224,2,CSS,898,894,-111.08109799402362,641473.9662847891,701014.3968880344,0
225,225,2,CSS,847,845,-107.37348189628011,720915.8914254411,695992.8026060513,0
226,226,2,CSS,878,848,-82.74119940915239,689644.7385357916,691284.6430625813,0
227,227,2,CSS,883,871,-98.52504673719132,695309.053031049,679398.3160820171,0
228,228,2,CSS,910,908,-110.68690045685489,702613.8254498693,734657.0747666878,0
229,229,2,CSS,851,812,-77.13218489204543,690273.2794936589,689897.1768611943,0
230,230,2,CSS,925,924,-114.02212733362359,753135.1909678131,662439.9318260335,0
231,231,2,CSS,895,889,-105.35318921383514,665799.8608090439,679764.1200208688,0
232,232,2,CSS,927,922,-114.32383307840416,737049.2409853858,742920.5699921565,0
233,233,2,CSS,925,895,-82.90820197131156,691318.6963977079,689667.1850222816,0
234,234,2,CSS,905,878,-83.90536826272364,691216.4192634455,688227.083871476,0
235,235,2,CSS,914,908,-105.87721700561822,692879.5781471855,662541.9541245535,0
236,236,2,CSS,885,862,-91.91929397209795,684891.8821413936,686397.3330589694,0
237,237,2,CSS,873,862,-99.81778685734783,690337.171489634,675957.2620720483,0
238,238,2,CSS,930,915,-94.02525717622143,684118.1530612013,693872.2107535998,0
239,239,2,CSS,928,904,-89.37799606960093,686981.5565784912,686165.6274179025,0
240,240,2,CSS,889,888,-113.97570004941144,634967.2875455231,731520.1264988862,0
241,241,2,CSS,936,929,-99.4036907293793,701343.0011020466,694201.5071112113,0
242,242,2,CSS,910,910,-113.29339580213878,625833.3564099162,686873.4736806328,0
243,243,2,CSS,920,904,-97.6398894663125,698560.0816758785,684269.4606892791,0
244,244,2,CSS,912,892,-91.4227408943616,692861.5645942629,685614.8837665331,0
245,245,2,CSS,900,892,-105.66894514078103,675591.317749234,711963.7129302497,0
246,246,2,CSS,824,805,-93.71172821339613,692554.6231385494,695301.41140503,0
247,247,2,CSS,844,839,-107.46587848249754,664419.4113056677,710233.42360539,0
248,248,2,CSS,918,913,-105.79613843964621,698681.0552859302,714599.6327272367,0
249,249,2,CSS,880,848,-83.78740972227781,689804.7849590844,691504.1389905992,0
250,250,2,CSS,884,881,-104.48091754668215,669226.5013860853,700580.5283410582,0
251,251,2,CSS,857,839,-92.05695317208844,694565.5227907739,691382.2186252512,0
252,252,2,CSS,886,860,-87.23864612528081,686430.1054972569,690486.3521787702,0
253,253,2,CSS,850,836,-98.60595016985471,688586.8615305325,701111.4648894671,0
254,254,2,CSS,881,878,-113.3112131235168,635174.1056185459,655891.4717531572,0
255,255,2,CSS,891,874,-93.33239279452374,695238.296249661,686785.4811732356,0
256,256,2,CSS,897,897,-116.34264733263174,724508.7551049276,772706.9079536716,0
257,257,2,CSS,882,856,-90.42708491832592,689568.3153118882,693982.6981673775,0
258,258,2,CSS,849,841,-98.00820726034596,685466.4332775435,679196.7977134355,0
259,259,2,CSS,838,833,-110.23246079498858,727520.1751501819,712831.1699834954,0
260,260,2,CSS,882,845,-78.01041602829636,688990.8415487052,690422.4208441598,0
261,261,2,CSS,887,886,-117.33626669367709,749129.8311127964,607532.6883681188,0
262,262,2,CSS,918,913,-102.0599572093037,696100.3393186658,705535.8736588693,0
263,263,2,CSS,892,888,-112.93552478330432,744418.6664236288,715915.2510662406,0
264,264,2,CSS,883,865,-91.87464951377403,685381.3920354248,685810.2879374274,0
265,265,2,CSS,845,823,-88.93814008377888,688424.3355312445,693136.3373228031,0
266,266,2,CSS,942,924,-96.1552106384367,691089.6246057318,698096.1440436592,0
267,267,2,CSS,924,884,-80.27463866291941,690817.9178052709,689208.7079506504,0
268,268,2,CSS,871,821,-78.34504609808799,690443.4311620827,689890.2375746551,0
269,269,2,CSS,843,830,-93.80060752352453,690311.6395667586,696096.0494494644,0
270,270,2,CSS,859,857,-110.84238720192747,687001.0206602777,737334.7941225487,0
271,271,2,CSS,882,873,-104.4381200305168,711980.3427222512,685218.3178414986,0
272,272,2,CSS,864,863,-114.8231949209927,759179.1001111867,659569.3625056935,0
273,273,2,CSS,854,850,-106.24542087077546,661626.0132042663,684223.1969124299,0
274,274,2,CSS,868,846,-89.81009409901164,693147.0461393401,691459.3798746947,0
275,275,2,CSS,881,854,-85.35727480341869,688038.7722409798,687259.5828605976,0
276,276,2,CSS,876,865,-97.25797408888249,694141.9147458005,680551.6827488192,0
277,277,2,CSS,931,910,-91.46794744100498,694393.1055225157,688080.2530884427,0
278,278,2,CSS,904,895,-101.71441981168778,677840.6646455539,701559.1754965063,0
279,279,2,CSS,898,881,-93.57691430382275,695756.2399168132,687692.0852029505,0
280,280,2,CSS,915,900,-98.36883194394535,700765.1631095558,688247.909556837,0
281,281,2,CSS,914,910,-110.86820739382897,655970.397864142,724022.4725371613,0
282,282,2,CSS,900,871,-84.58049190469946,687210.2291743506,690186.7296054774,0
283,283,2,CSS,857,834,-89.83384828820812,693263.6433773634,691257.7827626714,0
284,284,2,CSS,900,898,-117.95545358693857,773938.1527644619,757962.9164457946,0
285,285,2,CSS,900,871,-85.05372084027167,689074.3793260736,686969.9554087183,0
286,286,2,CSS,827,824,-114.1626514747033,654913.3102650042,750693.8345290519,0
287,287,2,CSS,856,853,-115.11738345833805,617901.6824104222,721785.2803653713,0
288,288,2,CSS,870,851,-90.22104224943703,690213.3683423029,693805.5198063983,0
289,289,2,CSS,856,840,-92.57283618602881,684274.0490532266,686598.9206854685,0
290,290,2,CSS,950,922,-88.62860392540055,686957.4969415859,686616.3115878362,0
291,291,2,CSS,889,883,-105.72099821452123,669801.54994538,671424.5142110758,0
292,292,2,CSS,863,859,-106.17329055996015,668883.2085938235,670322.5423085724,0
293,293,2,CSS,878,876,-112.4013303610212,709067.5854922872,743359.3652974076,0
294,294,2,CSS,869,855,-97.74883174419661,686094.5495419763,699507.5390465484,0
295,295,2,CSS,878,864,-96.65216324396391,691204.9110370042,680217.6496870697,0
296,296,2,CSS,883,856,-91.92248398900873,694486.2828145818,687469.9180990437,0
297,297,2,CSS,825,822,-112.08264378264818,743107.6303753051,675986.337264287,0
298,298,2,CSS,865,851,-94.76291349764317,684951.4854231627,683336.4532234122,0
299,299,2,CSS,932,932,-113.81847451945181,705165.1783938851,623679.2158122322,0
300,300,2,CSS,944,933,-100.66330198324383,704273.9755776433,689611.7473391052,0
301,301,2,CSS,907,882,-88.2756057508302,688108.4748692621,686086.2820476391,0
302,302,2,CSS,904,901,-114.91770205492111,615650.1077454187,668336.8957887657,0
303,303,2,CSS,877,854,-93.91579343019477,683102.1538419679,686779.9456552549,0
304,304,2,CSS,886,876,-107.1565038055535,681951.1471243809,719902.7513731174,0
305,305,2,CSS,903,893,-106.2155165106675,700375.4748430379,663464.5775483894,0
306,306,2,CSS,888,878,-99.2006096515957,688936.5915087144,701962.6484647058,0
307,307,2,CSS,893,872,-90.0946321102676,686068.3225846653,686545.7546181353,0
308,308,2,CSS,827,777,-78.41700419874037,688698.786269711,690310.988694359,0
309,309,2,CSS,872,871,-114.845495236891,613581.0797087098,695541.0339191676,0
310,310,2,CSS,887,883,-112.32820447341129,741563.0819020643,666565.401261045,0
311,311,2,CSS,887,886,-110.57640453638305,657678.9373639907,655369.9997401467,0
312,312,2,CSS,909,906,-117.6378742265835,749326.655131467,603276.7047405676,0
313,313,2,CSS,820,814,-104.1000943105622,687314.7018942746,667431.4566338864,0
314,314,2,CSS,874,872,-109.90726654928292,732496.97097329,689667.8669085576,0
315,315,2,CSS,913,894,-90.13465551761212,688151.2877224794,693650.776367773,0
316,316,2,CSS,901,890,-99.9231138605612,695514.5200757973,701620.5203999472,0
317,317,2,CSS,850,847,-105.64130921318947,663335.2050512764,685509.2521097485,0
318,318,2,CSS,887,863,-91.75086386922304,685501.9115174918,693030.5696953776,0
319,319,2,CSS,907,902,-110.77256710262964,703742.1328862887,734802.5865649214,0
320,320,2,CSS,899,871,-85.69160379812006,691871.4679887907,690400.3323279038,0
321,321,2,CSS,864,860,-111.63537690648636,737277.6763190205,667673.2903925426,0
322,322,2,CSS,866,859,-108.11748084263847,680967.8738459153,655379.2899792074,0
323,323,2,CSS,839,836,-115.81390763571869,661793.4315881417,769852.3886501738,0
324,324,2,CSS,898,887,-103.79908292045084,695315.8720432419,709904.4906547343,0
325,325,2,CSS,860,851,-99.04951418194833,693215.312140316,677667.8490230987,0
326,326,2,CSS,863,857,-107.45622177172724,721833.7701828086,691547.9541093418,0
327,327,2,CSS,873,818,-76.19970337894168,690077.7896447581,688822.8296325224,0
328,328,2,CSS,886,845,-80.05990525926131,690486.2482757687,690286.6233466382,0
329,329,2,CSS,886,848,-83.07790757836474,691362.8768388033,689204.2304952972,0
330,330,2,CSS,888,883,-109.74754877892573,649704.4549540406,703999.4618878844,0
331,331,2,CSS,951,922,-92.79714565493846,693647.4250353144,685148.7631313324,0
332,332,2,CSS,886,859,-87.14256975729513,687929.9915144765,692173.0665841658,0
333,333,2,CSS,923,871,-82.48737883934494,689579.0185723938,687584.9250871713,0
334,334,2,CSS,887,835,-80.23392713921884,690625.3941541974,688685.2341313026,0
335,335,2,CSS,862,853,-100.18997939857333,682133.2792073099,677362.4090522196,0
336,336,2,CSS,878,872,-105.23721552343042,674097.0038695259,669438.8338926475,0
337,337,2,CSS,877,843,-86.11813142846165,687727.0512171709,691629.7257047511,0
338,338,2,CSS,876,869,-106.31784234772552,715629.204560944,678232.5053924591,0
339,339,2,CSS,911,883,-90.2180284845713,690130.471605405,685003.7200440732,0
340,340,2,CSS,914,891,-97.46089415499465,679624.5548016255,692560.5079901372,0
341,341,2,CSS,889,875,-99.771431981882,701228.1959607436,695757.9637763588,0
342,342,2,CSS,870,860,-99.51571769248677,680759.8872651157,699147.5205501572,0
343,343,2,CSS,891,867,-91.21661196341572,692884.4811121001,685801.0242070097,0
344,344,2,CSS,908,903,-107.85274325141899,661268.8856537978,670312.3335778512,0
345,345,2,CSS,869,852,-98.94073409822776,693243.3678990754,700983.3005568826,0
346,346,2,CSS,881,879,-114.76252628440062,615975.4718734107,672515.5627449424,0
347,347,2,CSS,904,901,-117.660285669389,700507.5519700503,794018.9684242585,0
348,348,2,CSS,824,819,-108.88926137457787,715312.6515409199,661168.3458446037,0
349,349,2,CSS,845,813,-87.02745348608589,690037.6804862521,686382.3480867235,0
