,dev_id,set,modulation,pkt_sent,pkt_lost,pkt_rx_power,pos_x,pos_y,pos_z
0,0,1,CSS,883,854,-109.0147144870528,728171.9828800939,692439.0693465755,0
1,1,1,CSS,885,882,-102.99520226898366,692356.7663888995,708628.5145656843,0
2,2,1,CSS,907,881,-88.51687528915559,692503.77374958,691389.2448658621,0
3,3,1,CSS,871,870,-109.83616822189155,722280.0569583889,662098.96632245,0
4,4,1,CSS,919,911,-97.49728586989978,684868.6055324853,680140.0806212224,0
5,5,1,CSS,915,896,-90.85467165781876,693760.3513731381,691453.8763392541,0
6,6,1,CSS,909,908,-111.8965230453851,659088.9838869633,734306.5168194118,0
7,7,1,CSS,905,905,-104.46526076225126,710666.1107595696,698269.7544083825,0
8,8,1,CSS,893,891,-105.6161631782435,700174.8494843654,665425.6546101518,0
9,9,1,CSS,824,822,-106.69136513425444,661533.2509846898,699810.2577409038,0
10,10,1,CSS,846,842,-110.59934404877129,734600.2785339296,701034.7775952925,0
11,11,1,CSS,873,871,-110.00569031942095,709296.1129363284,650634.6867236426,0
12,12,1,CSS,891,891,-111.18985852472007,680013.6743506588,640360.2390531994,0
13,13,1,CSS,898,898,-109.69979938396831,709884.9391239427,652659.3438294686,0
14,14,1,CSS,837,832,-100.9744796429201,697488.1278535718,676291.5281511458,0
15,15,1,CSS,884,872,-97.77339783157488,697811.549886542,695969.2285004149,0
16,16,1,CSS,838,837,-101.9210983550171,693376.1142456857,672694.3428832708,0
17,17,1,CSS,865,863,-103.9611832039083,697317.8692785606,709650.3230187249,0
18,18,1,CSS,868,867,-111.3578060898742,736685.4409312793,670496.4311326046,0
19,19,1,CSS,866,860,-99.2788752373296,697649.2124957674,679779.2932275535,0
20,20,1,CSS,894,888,-101.33981851909857,705454.7633734471,688522.500791383,0
21,21,1,CSS,899,898,-108.9581451731978,660949.1279106783,715525.0438793958,0
22,22,1,CSS,890,884,-103.86027366070815,675447.2146831115,673091.7647801525,0
23,23,1,CSS,910,908,-107.36486677784791,714474.4556952054,669270.2786030441,0
24,24,1,CSS,894,893,-111.63150928369795,702846.1888053279,740212.4001293022,0
25,25,1,CSS,884,880,-104.48486740018066,666793.3124682494,694004.1234003485,0
26,26,1,CSS,883,878,-99.78512349342559,701319.7711981076,695630.2747482713,0
27,27,1,CSS,953,953,-109.90846325167531,669406.8158226704,727579.1950364432,0
28,28,1,CSS,904,903,-109.81243486063973,676288.9339562979,729959.4918655851,0
29,29,1,CSS,884,878,-102.15492042701084,674997.2057313075,679225.7842653631,0
30,30,1,CSS,839,838,-110.21020756606372,731808.9417503137,703303.5227996934,0
31,31,1,CSS,884,865,-93.36375452133242,693279.3489952608,694527.9004290355,0
32,32,1,CSS,910,908,-111.51428162276898,722248.6574492184,649293.2075425119,0
33,33,1,CSS,927,926,-105.53017340517208,715371.6801077931,687500.4769693202,0
34,34,1,CSS,842,835,-100.28977205713576,693915.3433409005,675903.5907877379,0
35,35,1,CSS,898,896,-109.36118959199777,688930.3402965865,729869.4376458519,0
36,36,1,CSS,903,903,-110.684313203496,670919.7287678712,732750.032303446,0
37,37,1,CSS,828,828,-111.59527034124689,642537.845698146,666146.24658753,0
38,38,1,CSS,896,893,-110.02922152271914,657915.4483740971,719699.0789420619,0
39,39,1,CSS,878,877,-108.96458100332859,662319.9101409406,661837.3355097517,0
40,40,1,CSS,882,882,-109.95302234892712,725355.0830801051,713580.2422645757,0
41,41,1,CSS,861,860,-108.5225924577052,707733.6888318192,657568.8135754039,0
42,42,1,CSS,872,856,-100.00594387030728,690758.8813274718,675696.1787493478,0
43,43,1,CSS,902,898,-108.84219514909222,720007.6828437285,712138.8861122227,0
44,44,1,CSS,875,871,-105.65652163872578,665825.8127664601,677521.9727478974,0
45,45,1,CSS,903,902,-110.7294759576232,733424.5639575636,706909.9592244062,0
46,46,1,CSS,940,916,-96.20732052994688,695696.7236531364,683111.4970729495,0
47,47,1,CSS,885,881,-104.86972772541658,666834.8866120154,697915.8784729845,0
48,48,1,CSS,880,878,-107.42852543515863,702204.3150253197,719167.0401612977,0
49,49,1,CSS,895,893,-108.4028352626352,696938.4661362811,653967.0326221146,0
50,50,2,CSS,860,859,-109.33766415540423,726964.7972001272,674646.706756328,0
51,51,2,CSS,896,895,-109.4140759858742,648728.0104504281,687972.7705826334,0
52,52,2,CSS,885,880,-102.71524592339043,702226.3304533047,675621.1373825232,0
53,53,2,CSS,881,865,-93.80249288706393,694670.8628578044,685185.5251471316,0
54,54,2,CSS,907,889,-93.20270037284395,686460.0616314647,694973.4465824126,0
55,55,2,CSS,908,888,-92.73366729522623,685348.95849003,693780.1830681572,0
56,56,2,CSS,892,888,-108.27309008899616,653930.1817954102,693335.9593242826,0
57,57,2,CSS,921,910,-98.95050653892288,677892.9727284999,685376.7717325762,0
58,58,2,CSS,940,940,-107.11797398936102,719833.0571165159,682256.2004764981,0
59,59,2,CSS,892,884,-98.03977031163268,684153.161692289,679761.1729692261,0
60,60,2,CSS,913,913,-110.05552511343285,649005.537952397,706391.4407461686,0
61,61,2,CSS,923,905,-97.69901516308464,680688.0023247204,683447.7651525036,0
62,62,2,CSS,863,848,-92.65328802388768,687598.492749155,683784.9784477681,0
63,63,2,CSS,858,852,-104.05661685058328,694050.6765492007,667937.476675709,0
64,64,2,CSS,865,865,-111.62754292363718,670854.0353540432,640274.4055168966,0
65,65,2,CSS,903,892,-99.50734507384188,678754.6122511146,696878.0109689521,0
66,66,2,CSS,917,909,-96.18768750690126,680802.9413782944,691587.7368895551,0
67,67,2,CSS,869,849,-91.5515557830385,684648.4295609043,687306.9355989918,0
68,68,2,CSS,881,878,-105.13680390811494,668941.2324984843,675271.7718433092,0
69,69,2,CSS,915,901,-96.86904979691941,684120.7674490875,681395.8879544516,0
70,70,2,CSS,863,861,-101.10951758052235,676694.2801463132,680292.7811989792,0
71,71,2,CSS,902,897,-101.7928687058589,672482.3297634627,689377.2142009491,0
72,72,2,CSS,898,896,-109.22743008847584,687705.5816924212,729217.4612078336,0
73,73,2,CSS,890,859,-90.25593922698346,692619.3207497415,686276.7898987225,0
74,74,2,CSS,897,896,-109.9587714370492,658926.8832677987,720222.2516405435,0
75,75,2,CSS,929,923,-103.53844214709181,709575.9365482475,694072.6783601401,0
76,76,2,CSS,925,918,-102.13653849838583,671804.291013513,689840.2234821051,0
77,77,2,CSS,868,867,-107.15986951720777,688445.8465497248,658022.6463053973,0
78,78,2,CSS,840,840,-109.10701582762945,654842.9928089894,670726.6315059601,0
79,79,2,CSS,866,848,-95.41672462243477,682341.7861040002,693415.9660758288,0
80,80,2,CSS,931,908,-97.90876709181859,681911.0673754745,697216.5512472983,0
81,81,2,CSS,869,862,-100.73083321043393,697455.4527034281,676773.8467991159,0
82,82,2,CSS,886,882,-106.26272830415783,665333.58414474,674498.3534002275,0
83,83,2,CSS,892,878,-96.13673590108135,684012.5916157967,696394.8764913396,0
84,84,2,CSS,873,873,-106.80688494126952,663783.111343845,673524.2260736983,0
85,85,2,CSS,832,824,-102.35560624336134,706740.9267285619,694500.36094219,0
86,86,2,CSS,885,885,-105.60248681666927,715229.4138839716,694143.1934459509,0
87,87,2,CSS,917,917,-110.11177510684755,645826.7947119393,696222.4353016631,0
88,88,2,CSS,923,921,-109.55875248993684,712014.6164945292,654735.5630833884,0
89,89,2,CSS,892,886,-102.98874295061805,676296.8160405682,703744.4159430498,0
90,90,2,CSS,850,847,-107.73098504216543,721835.8563361126,680844.4023179272,0
91,91,2,CSS,884,884,-106.24888776046315,663822.5881381952,701443.8710914264,0
92,92,2,CSS,839,837,-111.26545538031246,682990.0282759501,739379.5469587907,0
93,93,2,CSS,869,868,-111.32060873375227,648291.5482799645,719070.9607126426,0
94,94,2,CSS,883,876,-103.84357855671054,704932.8372293065,674625.6231437277,0
95,95,2,CSS,869,869,-110.6633405539402,719216.4230636342,725758.4869031615,0
96,96,2,CSS,863,837,-93.10617178390393,683194.1343475258,689053.3746719765,0
97,97,2,CSS,876,863,-99.44016255957763,691472.6948672084,702157.1849778185,0
98,98,2,CSS,870,865,-103.7858170463879,672088.6582402331,701796.4709599725,0
99,99,2,CSS,915,911,-103.30900753586322,691901.276713971,669408.1984565646,0
100,100,2,CSS,874,871,-108.30576177114327,680297.1526688472,724064.3422487454,0
101,101,2,CSS,825,821,-102.93599066694794,696740.2732784841,671546.1289007101,0
102,102,2,CSS,927,926,-111.24139581589458,738550.1965998086,678951.4583008022,0
103,103,2,CSS,909,909,-111.69222077783374,675661.0074035196,638312.1126840515,0
104,104,2,CSS,919,917,-109.55867515355561,678202.3872346254,649565.7255672634,0
105,105,2,CSS,866,834,-85.24702919121894,691759.39747793,690323.9169643807,0
106,106,2,CSS,888,872,-100.164660265119,703223.6289373726,691899.6335710482,0
107,107,2,CSS,869,861,-102.10878362288072,688441.8296136383,671882.0193193705,0
108,108,2,CSS,904,904,-110.95274408624039,737582.229645814,695836.5940397878,0
109,109,2,CSS,896,894,-106.5910138045542,705989.120757056,713706.2090664235,0
110,110,2,CSS,873,846,-94.53357663116584,690876.1814318876,682219.3607051785,0
111,111,2,CSS,927,901,-87.17391115765543,691289.7764268422,691933.6450466719,0
112,112,2,CSS,842,841,-110.01987652695645,732777.8525000414,694365.7526968863,0
113,113,2,CSS,874,869,-105.22785296069583,704751.2486402455,669493.2030238288,0
114,114,2,CSS,884,882,-111.22183941763137,721687.9311019228,727763.6009974239,0
115,115,2,CSS,892,892,-110.84813221270953,699144.8232646381,736430.1298798515,0
116,116,2,CSS,955,954,-108.15885350505566,720190.5487380142,672269.4950423854,0
117,117,2,CSS,871,861,-103.17261158019451,669898.8532225625,685801.6839293743,0
118,118,2,CSS,869,869,-111.31023979520141,652704.7866077609,654524.8052782108,0
119,119,2,CSS,814,809,-103.92904030667601,708676.5615162508,699285.4802997034,0
120,120,2,CSS,945,935,-100.22156248611725,693563.554012041,675907.8080047043,0
121,121,2,CSS,908,905,-104.6611762878072,712899.6540660535,687676.4419406552,0
122,122,2,CSS,920,920,-109.72768734661972,703153.2367859576,729316.1250248961,0
123,123,2,CSS,886,884,-105.60293039703703,715484.4051827566,686372.5682279997,0
124,124,2,CSS,900,898,-109.06675880679504,688267.5931719794,650314.978861923,0
125,125,2,CSS,906,900,-102.30810556027744,694441.7656625557,672166.5604178624,0
126,126,2,CSS,888,881,-101.13879760597797,695779.1738555445,703762.2938809114,0
127,127,2,CSS,862,862,-111.67650061500953,735971.8564826136,714353.4900411968,0
128,128,2,CSS,918,918,-107.00622860441786,677791.5836094428,660830.0306188548,0
129,129,2,CSS,812,809,-107.37957780158214,679247.0205544765,719972.852792413,0
130,130,2,CSS,905,903,-108.79767234785737,706253.2486257196,723385.0442665027,0
131,131,2,CSS,861,832,-95.90940539780213,689718.2680539606,698004.5598709704,0
132,132,2,CSS,916,897,-99.31557048672929,699183.6458201463,681256.4701254874,0
133,133,2,CSS,842,834,-105.35778475331958,664851.9918709679,682476.1563318323,0
134,134,2,CSS,927,926,-104.54547572239515,706251.7837073932,705427.5608097191,0
135,135,2,CSS,864,840,-93.1748087502198,688381.6431562786,695602.5630903943,0
136,136,2,CSS,868,863,-103.25697348624526,697219.9134457171,670958.4850419108,0
137,137,2,CSS,873,870,-109.91831643075115,691370.7853453658,732508.048550757,0
138,138,2,CSS,886,886,-109.05373763942804,658013.566291779,666185.4202290218,0
139,139,2,CSS,872,870,-107.35863036732046,668677.139993443,713955.8370311374,0
140,140,2,CSS,868,851,-97.7256318591484,697195.2357076019,682217.7454631377,0
141,141,2,CSS,891,874,-98.5655155979909,700533.8971009677,685863.2878853664,0
142,142,2,CSS,838,815,-99.4457514766512,702195.0895017907,691281.1756076326,0
143,143,2,CSS,895,864,-86.8057643202652,686609.6902119468,688296.5044073765,0
144,144,2,CSS,871,868,-107.18235863827839,712708.1508376315,668232.6402548667,0
145,145,2,CSS,799,797,-111.64915502976936,671389.4586507998,639936.2310652391,0
146,146,2,CSS,898,896,-110.56653113116002,676834.2310528781,734161.6465103813,0
147,147,2,CSS,849,847,-108.60048344747057,660971.296100861,713186.0574751341,0
148,148,2,CSS,902,891,-101.6475579545187,680783.7005704237,675173.0002228261,0
149,149,2,CSS,887,886,-110.69266991358967,734708.5769581834,676273.0936999156,0
150,150,2,CSS,828,827,-108.15002745977067,661094.7392714703,668509.294986335,0
151,151,2,CSS,890,890,-108.48655654991384,720872.0562850948,708084.3833772726,0
152,152,2,CSS,844,835,-103.19029000016876,670797.2502407281,682419.1886139156,0
153,153,2,CSS,936,936,-111.64925690927947,637187.9297959359,696144.8467967543,0
154,154,2,CSS,923,923,-108.14207960011314,709439.9456260325,718312.010724199,0
155,155,2,CSS,870,838,-91.57080427007308,693908.2984827989,686764.5139357852,0
156,156,2,CSS,901,889,-100.01847322719918,701094.3222434102,682065.1320406192,0
157,157,2,CSS,886,883,-106.57042348878242,717696.2785524032,697217.5687581705,0
158,158,2,CSS,916,895,-99.48408804945439,680631.0642185934,679854.677428155,0
159,159,2,CSS,867,838,-92.27046465077052,684064.2906817239,691255.4964766717,0
160,160,2,CSS,918,870,-85.80739838518011,692011.6253724069,688733.1643480527,0
161,161,2,CSS,902,867,-91.51105871263856,693056.7370169662,693094.225941235,0
162,162,2,CSS,859,854,-103.79396034313783,683232.1576943081,709810.4213888305,0
163,163,2,CSS,884,850,-86.15998964365856,691978.3968166205,690525.4683555651,0
164,164,2,CSS,878,876,-109.46912272185227,654802.6547546972,667488.981139045,0
165,165,2,CSS,909,908,-108.20304890681317,655306.7616331286,679881.6635576914,0
166,166,2,CSS,850,849,-111.13820686385483,664229.7154332787,732197.6843508895,0
167,167,2,CSS,941,931,-101.37634432026822,701529.9621463546,700064.7870138444,0
168,168,2,CSS,897,895,-106.63448817524736,712483.0254050819,670931.9235824717,0
169,169,2,CSS,904,895,-101.50775565093917,680470.3346762656,703138.1931312728,0
170,170,2,CSS,890,887,-109.53826211470904,680407.7667656398,729712.1997135541,0
171,171,2,CSS,917,874,-89.81334190942965,690675.2945980642,685340.4912782786,0
172,172,2,CSS,919,919,-105.23890316075455,688663.4303274988,714572.3437821537,0
173,173,2,CSS,904,902,-111.28688206274666,650553.8713583286,721671.8298775034,0
174,174,2,CSS,884,881,-105.39987609660952,670155.2931178125,706346.0846312359,0
175,175,2,CSS,881,843,-92.10517160588937,684987.0773554227,692761.1837700873,0
176,176,2,CSS,886,875,-100.3893385450227,701342.8570476838,697477.7028650264,0
177,177,2,CSS,850,848,-111.97893319156877,726965.027971598,649649.8009066953,0
178,178,2,CSS,852,851,-111.69969797132862,680886.661977463,637139.4073999772,0
179,179,2,CSS,918,871,-85.83044973998145,687575.7598885689,691384.0802465442,0
180,180,2,CSS,847,847,-107.67471251887629,718838.1045735648,705041.8569184052,0
181,181,2,CSS,929,927,-110.41118387285638,722492.9109537103,657939.4738188668,0
182,182,2,CSS,909,905,-106.46371738958348,700149.6278943971,662489.1799796248,0
183,183,2,CSS,863,826,-87.31310952931946,687556.4900557527,686807.8149927572,0
184,184,2,CSS,921,919,-108.66867359815387,653175.6763691693,698511.3558576553,0
185,185,2,CSS,830,829,-108.45435916875826,682682.7847366823,725234.7059222286,0
186,186,2,CSS,858,820,-85.62948362348085,690747.2841630877,687142.267210191,0
187,187,2,CSS,930,919,-103.6181586055967,670079.7366841673,697322.6000450783,0
188,188,2,CSS,898,898,-109.84052836041192,691541.2705713722,732114.8465414405,0
189,189,2,CSS,940,938,-111.48888754850606,652623.1271902102,725725.3426112976,0
190,190,2,CSS,885,885,-111.42164165500671,729779.3159149683,721056.2602666997,0
191,191,2,CSS,935,933,-109.85413642477133,683092.039309689,647055.7809890527,0
192,192,2,CSS,882,882,-109.91104884783903,652048.6689444784,710908.4558169165,0
193,193,2,CSS,884,883,-105.82439182817873,662635.3405755623,692268.8161809134,0
194,194,2,CSS,889,881,-102.88936969311648,694594.8433277203,670917.2629772807,0
195,195,2,CSS,903,902,-111.72847931589256,639614.4026791994,707956.4416487117,0
196,196,2,CSS,852,845,-103.75060989688464,710322.1364340485,692950.2846499668,0
197,197,2,CSS,803,767,-93.24378999807271,692779.6092117793,684055.7942595803,0
198,198,2,CSS,859,856,-107.4402802223338,680723.4623407249,720659.3740705368,0
199,199,2,CSS,884,882,-106.99592887515226,677723.5309753951,717924.6968043986,0
200,200,2,CSS,920,877,-82.08842472465844,691092.5500473623,688921.0818826654,0
201,201,2,CSS,855,852,-107.90103995469359,696911.2641094129,722778.9375142278,0
202,202,2,CSS,853,852,-109.02870248983925,688652.1490736204,650476.6503304129,0
203,203,2,CSS,855,853,-110.47005219190292,673777.8757196496,646179.9014009354,0
204,204,2,CSS,904,863,-85.92627575720789,687585.525009514,687388.4300604479,0
205,205,2,CSS,888,886,-110.8131848840998,737072.8257855761,693337.5959220452,0
206,206,2,CSS,864,858,-105.0685947141674,713886.2850155142,686210.2546737302,0
207,207,2,CSS,917,915,-110.1851770479046,654178.2814886628,716573.5379360225,0
208,208,2,CSS,874,865,-100.92493331975548,704618.8550802513,687570.0358344637,0
209,209,2,CSS,834,833,-109.92500261448292,724538.1914731303,664308.3231588162,0
210,210,2,CSS,916,909,-102.75733036544578,677503.3686936594,704109.7138939961,0
211,211,2,CSS,884,860,-95.40051808330614,681654.819224833,687042.6007663656,0
212,212,2,CSS,913,907,-105.43132369207318,710656.4080807944,703936.5236712667,0
213,213,2,CSS,900,847,-92.58753819520682,694941.889853925,691365.8939663306,0
214,214,2,CSS,871,861,-103.74526178992893,670658.2267342919,679532.6352076347,0
215,215,2,CSS,868,868,-111.4849950789461,637757.3530176636,690670.3553450787,0
216,216,2,CSS,913,910,-110.0579478178165,660343.6498612189,722230.1678346944,0
217,217,2,CSS,880,872,-104.82685740775813,690977.288394839,713366.0339161978,0
218,218,2,CSS,887,886,-109.97838149213476,673352.7582344939,729774.9605928072,0
219,219,2,CSS,854,853,-111.3202302421503,726869.6935364759,723574.5016376635,0
220,220,2,CSS,863,862,-108.40466574011471,724162.6110610749,679124.2805958171,0
221,221,2,CSS,904,903,-110.82088576916422,675991.3955019485,643464.9335620533,0
222,222,2,CSS,879,872,-102.51355969155931,705758.0874171826,697842.1354229305,0
223,223,2,CSS,856,851,-105.73962305209774,672294.7754934665,668962.9671277994,0
224,224,2,CSS,854,851,-106.83830975973079,707777.3991345642,713462.1156742348,0
225,225,2,CSS,853,843,-102.40982357197753,673536.8691115533,680560.1197365756,0
226,226,2,CSS,896,858,-90.74372707826883,689812.1460163312,694138.2500207572,0
227,227,2,CSS,913,912,-107.7447437075432,671159.9328279106,661211.2590317102,0
228,228,2,CSS,948,948,-110.94136685373942,645414.2185698577,709901.4817707381,0
229,229,2,CSS,920,902,-99.70707462360282,701124.8901768022,695740.9409448981,0
230,230,2,CSS,886,885,-110.45672329216507,723639.0382046569,719993.475734976,0
231,231,2,CSS,857,853,-106.89381676551814,665563.979544613,708355.1303072103,0
232,232,2,CSS,844,843,-106.74207137004412,660967.074074796,698719.7927275115,0
233,233,2,CSS,873,842,-94.34065015565264,688525.7342837581,682287.6439013634,0
234,234,2,CSS,899,892,-108.01282777995988,714826.7273948278,665869.2848747128,0
235,235,2,CSS,887,886,-108.43232919276392,653159.1453630971,686638.3821567815,0
236,236,2,CSS,817,817,-111.39987654037245,710728.2158682786,642898.1299987154,0
237,237,2,CSS,933,930,-106.86600571017316,685538.9429334922,719521.57556936,0
238,238,2,CSS,874,863,-102.40139866578218,697722.8722683948,673267.9299165353,0
239,239,2,CSS,894,893,-108.48580104817461,653759.8843548622,681209.8758332422,0
240,240,2,CSS,917,916,-106.82291479158559,718983.9417203971,683248.0975139027,0
241,241,2,CSS,900,899,-110.8734396723772,663183.848813568,649023.4194582169,0
242,242,2,CSS,877,871,-105.08044194015719,687136.5594024375,664798.4906188184,0
243,243,2,CSS,946,914,-93.34007804647302,683743.50225595,692377.9097131605,0
244,244,2,CSS,903,881,-102.18207389324873,682467.9583260096,705697.3111348787,0
245,245,2,CSS,866,864,-111.66183977515789,640975.3365034054,668563.3389020668,0
246,246,2,CSS,857,853,-106.38760308753675,715035.1951676472,702407.4536904996,0
247,247,2,CSS,901,897,-109.44273248609854,705953.521332548,726753.8706535674,0
248,248,2,CSS,884,879,-104.48299133306483,707219.7138755455,674738.7052088974,0
249,249,2,CSS,889,876,-101.24603741894892,679036.918345996,677367.1383502121,0
250,250,2,CSS,833,808,-95.6898994747857,696568.7299280129,693777.4769302459,0
251,251,2,CSS,851,850,-111.13284157471463,722972.3024021348,652867.9665731096,0
252,252,2,CSS,847,845,-109.18813042647935,675758.2253438785,652171.7160511147,0
253,253,2,CSS,953,925,-99.05099625350525,679429.2336316415,696676.7232254185,0
254,254,2,CSS,903,890,-101.86986748838501,673993.1798627643,696759.3415046079,0
255,255,2,CSS,871,870,-107.8153239555299,709673.3419186628,662277.0472455727,0
256,256,2,CSS,901,898,-110.61737045813665,716804.4226673658,651518.5313065079,0
257,257,2,CSS,906,904,-104.90631230680867,712838.4436604157,695582.8942564958,0
258,258,2,CSS,879,873,-107.02990064136571,702377.1747294705,717499.4948354331,0
259,259,2,CSS,868,854,-101.4261755931747,699422.7282928277,676638.2768859179,0
260,260,2,CSS,925,924,-109.5610831580853,669012.3230942945,653381.5247149547,0
261,261,2,CSS,865,864,-110.72704102648208,729074.9659744751,715274.4828474363,0
262,262,2,CSS,852,818,-94.14764549194686,688909.4589371685,682408.5268828073,0
263,263,2,CSS,876,875,-111.77408112993774,736297.0057212864,663815.2595998675,0
264,264,2,CSS,872,851,-98.0209893590699,678449.7385668101,689104.9610075309,0
265,265,2,CSS,913,906,-104.59055316900464,709555.2080401515,701242.6813111918,0
266,266,2,CSS,883,876,-106.16442021834769,706031.6413963984,666874.1310267135,0
267,267,2,CSS,912,901,-101.15515490789348,674833.3326934427,695321.5930719605,0
268,268,2,CSS,913,913,-109.94346837691873,718327.1618038502,657226.1862320008,0
269,269,2,CSS,877,844,-96.41030707446346,681195.1307571362,693345.8314774672,0
270,270,2,CSS,914,881,-95.6342168745653,696249.875565259,684653.5406785567,0
271,271,2,CSS,908,906,-106.69439285596297,687350.0050390334,659717.8497688179,0
272,272,2,CSS,860,815,-90.18194530881615,692570.5618004864,692540.5249439251,0
273,273,2,CSS,867,846,-98.61210414243331,685215.41411698,700373.3095986804,0
274,274,2,CSS,899,882,-102.48620784953818,679323.9094216772,674099.6340281292,0
275,275,2,CSS,904,903,-109.51171839961982,660462.8921629626,660138.8044732261,0
276,276,2,CSS,862,859,-109.36326160147256,649206.7452110577,694049.465077462,0
277,277,2,CSS,894,883,-102.74652692110341,684496.3230443028,707653.8277167709,0
278,278,2,CSS,842,841,-111.28911441823634,722737.2152077516,651446.3798465203,0
279,279,2,CSS,939,883,-86.35160290264226,692263.9913355006,689193.3627596508,0
280,280,2,CSS,854,853,-109.73354113668502,723467.7923224852,714387.0992778344,0
281,281,2,CSS,884,880,-106.1257901767208,670954.1678818148,668517.0421823212,0
282,282,2,CSS,882,855,-95.14819593601882,685235.885992048,682730.8874565089,0
283,283,2,CSS,850,840,-103.62236847712943,708466.7426092797,680832.3661947976,0
284,284,2,CSS,905,862,-87.58254960812329,689546.4571968818,686116.8688392178,0
285,285,2,CSS,898,894,-108.52946955059143,660538.3247722633,712173.9799664979,0
286,286,2,CSS,898,890,-103.48273946483025,669469.240613487,684388.7368413788,0
287,287,2,CSS,1003,1003,-110.8305433475976,667376.7039809787,646858.4778253811,0
288,288,2,CSS,899,899,-107.9887368089947,704759.4980222718,658460.1347989298,0
289,289,2,CSS,936,932,-106.00850120193363,686764.0874918099,662034.0593252594,0
290,290,2,CSS,911,894,-98.38507003414378,693039.2610611378,678566.9460511755,0
291,291,2,CSS,847,847,-108.87438951862657,713045.249918069,719493.3047775964,0
292,292,2,CSS,878,849,-99.80747944460056,693401.2391087565,702275.981092114,0
293,293,2,CSS,859,857,-108.4132771678676,653144.7008624004,688487.0628586753,0
294,294,2,CSS,893,882,-100.78364294283642,697747.8319238172,701967.0170319226,0
295,295,2,CSS,911,908,-106.8836894287466,659463.0638170321,684070.4838497716,0
296,296,2,CSS,824,819,-103.95707261814327,696272.4502101218,710017.3728713542,0
297,297,2,CSS,891,891,-109.75903902073901,723360.8387723728,664081.5309044953,0
298,298,2,CSS,906,855,-91.50943090381584,694310.3752770985,691097.3003436758,0
299,299,2,CSS,914,909,-106.26103318254212,661095.4611979515,689572.9574225406,0
300,300,2,CSS,873,841,-99.64911168380834,695528.9863096208,701137.1772548321,0
301,301,2,CSS,911,902,-104.21852298432519,703218.5158330598,707027.0100036013,0
302,302,2,CSS,899,885,-102.57778306777016,707119.8304767285,683956.758537889,0
303,303,2,CSS,819,790,-97.42432711147059,682037.7667635338,682308.6659751442,0
304,304,2,CSS,910,862,-88.13069066202021,687014.5609324148,686844.1012782648,0
305,305,2,CSS,882,854,-99.50320308983316,693140.0021043449,701870.8552476801,0
306,306,2,CSS,900,885,-100.55730143399899,697601.7172418593,701598.4103455105,0
307,307,2,CSS,884,828,-91.93124362633625,688795.9021801547,684006.5977812136,0
308,308,2,CSS,896,873,-100.15475729183744,703147.4670185973,686610.4940200291,0
309,309,2,CSS,872,856,-101.24290895371655,700084.7253009934,677639.6020111225,0
310,310,2,CSS,874,870,-107.6430796539823,722477.2671227552,692384.6437295334,0
311,311,2,CSS,907,906,-109.66972479733975,714816.5160737035,656061.1528292623,0
312,312,2,CSS,895,895,-111.42439293360911,663569.2423509427,733738.1280836086,0
313,313,2,CSS,860,859,-111.5785396271734,694468.4364169101,637427.9756627375,0
314,314,2,CSS,844,844,-108.71079878686136,656244.453952568,671821.2240477242,0
315,315,2,CSS,879,877,-111.2516845743587,674411.9984828265,641399.7576815151,0
316,316,2,CSS,865,841,-98.20834529123508,685051.2821211929,699732.6570749414,0
317,317,2,CSS,880,857,-98.93046041826702,689275.0872518121,701586.2037493369,0
318,318,2,CSS,926,921,-106.59672709286015,672596.1450526341,665255.447227393,0
319,319,2,CSS,834,819,-102.51248622822838,680308.9407465188,673430.3799418776,0
320,320,2,CSS,891,858,-95.87077265396368,693442.927852637,681859.0206396845,0
321,321,2,CSS,909,858,-91.73580665034876,685750.5051208574,685552.9172655708,0
322,322,2,CSS,883,880,-104.13520223974707,673768.1949772218,673702.5858855568,0
323,323,2,CSS,862,861,-109.17208708158736,727754.6655851342,699266.2072167132,0
324,324,2,CSS,840,838,-111.48837408254744,638277.2732064266,681854.205151801,0
325,325,2,CSS,854,852,-108.57630978902195,725454.1646169269,681205.3122946919,0
326,326,2,CSS,891,850,-94.99382762422091,695035.7226902591,694726.1648720318,0
327,327,2,CSS,880,817,-83.45839939002363,691460.7487008066,689348.8372508714,0
328,328,2,CSS,921,920,-107.74124031293739,719087.9849584633,673704.518266041,0
329,329,2,CSS,916,916,-108.38577179288944,720030.3819830074,670169.3110421611,0
330,330,2,CSS,866,863,-109.65842155479245,724634.2925467662,666774.6668675698,0
331,331,2,CSS,873,873,-111.18574509908066,669094.0493922003,643813.3350562324,0
332,332,2,CSS,801,797,-107.02839278441436,716915.298471004,703562.5566463221,0
333,333,2,CSS,890,881,-103.89975836224505,708442.4725091693,679246.3084148106,0
334,334,2,CSS,884,876,-104.43488296550966,704859.1731150089,706379.0622677734,0
335,335,2,CSS,900,894,-105.16134941699146,664463.6270222724,689154.6580174135,0
336,336,2,CSS,866,859,-107.28256226718057,688754.2426347635,721254.1510951243,0
337,337,2,CSS,920,916,-110.36947874529535,733183.1336109514,677206.6969685669,0
338,338,2,CSS,944,927,-102.71139917001148,683928.0690978748,671410.5358240979,0
339,339,2,CSS,866,856,-103.68275588001845,710405.4529030037,690846.9778419413,0
340,340,2,CSS,871,865,-108.68656500973184,668040.2814314546,720149.7324662217,0
341,341,2,CSS,933,930,-109.61934209894916,677678.416993069,649414.4218591519,0
342,342,2,CSS,858,857,-111.71834960578605,740172.4274468132,704913.6990297559,0
343,343,2,CSS,900,891,-105.49982797079596,677056.4038181398,666601.9485933108,0
344,344,2,CSS,870,868,-110.08773342548042,666787.6540981305,651682.7608097029,0
345,345,2,CSS,906,847,-88.3110956481728,692842.2284650903,690451.0062558382,0
346,346,2,CSS,878,868,-103.96273136377317,697068.686632049,669071.950030433,0
347,347,2,CSS,846,845,-109.71579643978347,647357.5994323466,692223.323885305,0
348,348,2,CSS,834,830,-104.57172710434641,669842.5823129521,676742.3742386664,0
349,349,2,CSS,903,903,-110.65827485846503,717482.7532830611,727079.3422895836,0
