,dev_id,set,modulation,pkt_sent,pkt_lost,pkt_rx_power,pos_x,pos_y,pos_z
0,0,1,CSS,500,487,-110.71524470235823,736070.2228592095,681730.8313245471,0
1,1,1,CSS,540,526,-106.35667414097534,690936.5683133063,660822.1606320065,0
2,2,1,CSS,505,491,-105.31414178853616,665205.9422079546,681740.2438174024,0
3,3,1,CSS,523,520,-111.74739359079038,737707.9879744027,666975.3208942784,0
4,4,1,CSS,561,551,-111.14512643852117,723771.8123589511,725300.5847547875,0
5,5,1,CSS,504,495,-110.82105576944733,734009.6770493258,706794.167061967,0
6,6,1,CSS,478,464,-111.51295260283928,642760.3646214226,666813.5474212253,0
7,7,1,CSS,513,500,-109.73305520100821,698628.0116839373,648197.922356638,0
8,8,1,CSS,536,522,-102.74342579951995,696414.6388602864,671871.0724244536,0
9,9,1,CSS,492,485,-106.96179266628619,716801.0262589359,675555.3391443039,0
10,10,1,CSS,526,516,-105.12559591457426,665877.1184787027,681442.9173185196,0
11,11,1,CSS,521,515,-110.2445576464236,734104.3372432715,692394.2934351714,0
12,12,1,CSS,507,491,-107.85954826349864,660205.977918238,706892.9412820709,0
13,13,1,CSS,473,465,-111.65415126766123,696997.5828725322,741547.0134588797,0
14,14,1,CSS,524,510,-96.18305976565101,680563.5291929591,688721.6850821986,0
15,15,1,CSS,542,533,-100.6984732471114,674497.8910442332,688824.3695947869,0
16,16,1,CSS,524,511,-108.24631628994598,674508.6458569296,721727.8978321467,0
17,17,1,CSS,522,506,-98.87388189861164,677938.6279105977,693247.6465069272,0
18,18,1,CSS,511,499,-110.73741699845061,700555.9450225587,735490.3163161092,0
19,19,1,CSS,506,495,-103.61922519064717,668718.8225066928,686541.8347429577,0
20,20,1,CSS,472,465,-110.00989689737516,727456.8833922428,668118.4842383381,0
21,21,1,CSS,494,481,-96.9747446821469,699047.1469712516,688128.2802769935,0
22,22,1,CSS,530,516,-101.54659250066955,705636.1798923191,692154.2722263078,0
23,23,1,CSS,517,500,-110.44140820614213,659807.9738386752,654438.2862917188,0
24,24,1,CSS,516,506,-109.88449124462724,730631.1610457948,677259.6632734083,0
25,25,1,CSS,508,497,-109.40830273244084,678819.6815204963,650132.5500571078,0
26,26,1,CSS,536,512,-103.92676667858909,667769.542173003,689147.8814709361,0
27,27,1,CSS,526,515,-106.36529833576343,718066.1040163892,689815.2035496024,0
28,28,1,CSS,464,448,-105.45483806093357,663606.0222463566,689650.401665244,0
29,29,1,CSS,426,412,-102.68364629754495,691290.3859802735,670748.4257012133,0
30,30,1,CSS,505,498,-111.21347884111881,719576.7467313221,729384.9594678165,0
31,31,1,CSS,513,500,-97.52760157226331,684741.1946508508,680163.1454602086,0
32,32,1,CSS,509,500,-108.25763704040915,723465.1587562902,699902.9925597872,0
33,33,1,CSS,515,505,-109.89663850183325,666099.7993533107,725584.4323984626,0
34,34,1,CSS,480,468,-104.4484762333029,670227.2207859011,702067.7967965002,0
35,35,1,CSS,520,511,-111.43410077612464,649882.1774392014,656607.7321690792,0
36,36,1,CSS,482,473,-109.02420442576157,651055.9233449126,696027.4736198137,0
37,37,1,CSS,480,466,-101.65055626264022,700690.7322706986,701662.9378133067,0
38,38,1,CSS,520,508,-102.90854884190934,706422.1583778945,680403.0194126186,0
39,39,1,CSS,493,486,-108.40339929511933,698556.0481410362,654347.1127226873,0
40,40,1,CSS,477,470,-111.47050839024193,722363.2358741459,649725.4234661413,0
41,41,1,CSS,492,480,-110.64783370553108,732024.1184836922,669770.4798111062,0
42,42,1,CSS,493,480,-111.91457967889042,642857.4101443419,661482.0950739366,0
43,43,1,CSS,502,491,-107.99042241786513,703428.6897896443,657827.7742017289,0
44,44,1,CSS,534,510,-97.68214349843016,690674.3636444493,699881.0461227829,0
45,45,1,CSS,547,540,-111.12742278320152,732402.7717653898,714117.1166468407,0
46,46,1,CSS,512,499,-100.52607836425675,692367.0490885539,675081.3812589134,0
47,47,1,CSS,489,479,-111.38178563250372,672695.4176674456,737655.9768601537,0
48,48,1,CSS,482,471,-97.30993799811587,689765.0053558033,679313.5796555064,0
49,49,1,CSS,538,527,-107.28759342991779,719925.6898810462,698600.513300044,0
50,50,2,CSS,117,116,-100.02010444776417,703121.515032059,687812.5245943479,0
51,51,2,CSS,125,124,-106.34125593341854,663321.1413364417,677746.3682986714,0
52,52,2,CSS,116,114,-98.44977336536198,678068.9710422518,691430.6142069323,0
53,53,2,CSS,127,123,-94.44068708763284,692531.4719181673,682854.3855370053,0
54,54,2,CSS,115,115,-111.33830775563024,663177.484345876,732917.5787108889,0
55,55,2,CSS,138,138,-108.51414711288245,705507.1498072632,656427.0988378074,0
56,56,2,CSS,128,128,-106.91816713598013,716037.7922764244,704370.6028737769,0
57,57,2,CSS,122,122,-102.01962236949737,681135.5168609665,704690.327988382,0
58,58,2,CSS,140,140,-101.39603967768628,677063.2258420681,699855.5378638804,0
59,59,2,CSS,122,120,-107.94189222211128,697361.9744079792,722840.1752826034,0
60,60,2,CSS,112,111,-106.22221467746606,707086.2233164685,667450.8611902497,0
61,61,2,CSS,105,104,-96.50305503840904,697882.3042757125,693018.1683145476,0
62,62,2,CSS,133,131,-98.48617422274762,700065.1887713707,684902.5845608081,0
63,63,2,CSS,114,113,-100.55288580019916,699200.2931420826,678476.1272830789,0
64,64,2,CSS,102,101,-103.9764505012622,669757.13216568,680054.8799839666,0
65,65,2,CSS,141,141,-103.62666285721284,690433.7073910919,710294.0169819851,0
66,66,2,CSS,109,109,-110.43045471581198,723235.1577525279,658587.8294626146,0
67,67,2,CSS,110,109,-99.87035815292694,677141.0066548806,695200.8983351475,0
68,68,2,CSS,121,120,-104.69757644710947,667605.9178518828,698572.4898073452,0
69,69,2,CSS,122,121,-98.45272318353466,679414.9001024349,695145.8606236605,0
70,70,2,CSS,135,134,-104.73486684615531,703949.3504179186,670626.5715251623,0
71,71,2,CSS,130,130,-107.15236925130452,712869.1716223011,710247.8141501646,0
72,72,2,CSS,125,125,-108.34657779022369,724734.8977475275,682463.9129337884,0
73,73,2,CSS,119,119,-111.47097896015396,664850.5030279579,734774.6985089518,0
74,74,2,CSS,127,127,-109.88048364008621,688521.1561697511,732355.8654143155,0
75,75,2,CSS,131,131,-109.83938951499495,716603.8811547863,656422.7529398021,0
76,76,2,CSS,123,123,-109.94947458849073,701957.5030379036,730849.9026587615,0
77,77,2,CSS,119,117,-103.580220223736,708327.9396755617,698050.784035003,0
78,78,2,CSS,128,128,-111.13213705912685,665941.1750901825,733120.5220121265,0
79,79,2,CSS,135,135,-109.26746931709779,649393.7919435413,690299.2281282655,0
80,80,2,CSS,141,141,-108.76604806824264,723601.5517963114,705488.0270683722,0
81,81,2,CSS,130,129,-96.16130726416236,698254.18582331,689014.1424525862,0
82,82,2,CSS,132,130,-103.04103194815336,670725.2179822957,695141.7840645206,0
83,83,2,CSS,130,129,-106.50751029934978,660769.5280775839,684092.8427100192,0
84,84,2,CSS,135,135,-104.44362649768729,669410.6123258851,678114.6792838189,0
85,85,2,CSS,128,127,-103.80866883508845,692206.1651628001,710578.0214594173,0
86,86,2,CSS,116,115,-103.58353541214973,689768.2742599687,668609.5793192795,0
87,87,2,CSS,104,103,-105.8355493255568,662561.0784613072,686951.3195580583,0
88,88,2,CSS,124,124,-108.25056089561822,717972.6363153413,668152.2755422491,0
89,89,2,CSS,104,102,-97.41532722951882,679902.0306723185,693175.3394115082,0
90,90,2,CSS,112,112,-103.94604901839811,710470.4023392677,694607.9108498133,0
91,91,2,CSS,137,135,-100.62251783511284,686581.686589055,703932.6437483269,0
92,92,2,CSS,129,129,-110.9960173989889,723799.2223003806,724093.2154643377,0
93,93,2,CSS,128,128,-106.02443893638174,716495.9959216265,684342.7323667321,0
94,94,2,CSS,135,135,-102.16721872476006,671737.1301721769,689293.7353391807,0
95,95,2,CSS,127,127,-111.80622571924881,685962.9674930214,635906.3384962885,0
96,96,2,CSS,125,125,-109.27086650641208,649499.6356584084,692651.7779247668,0
97,97,2,CSS,134,134,-111.40655471089318,717246.8441866781,732388.4959446521,0
98,98,2,CSS,145,145,-111.95083682593122,734062.9924842975,720686.681831924,0
99,99,2,CSS,122,120,-94.89601368227723,685983.8231956814,682569.2765033691,0
100,100,2,CSS,118,118,-108.28978668914034,654361.9165495672,696535.8867277603,0
101,101,2,CSS,133,133,-103.75685160943503,679520.5596202804,670632.6008224405,0
102,102,2,CSS,134,132,-96.5854574590079,680439.1105397822,691840.756779783,0
103,103,2,CSS,116,116,-108.9281935935754,667068.6086669512,658064.7958104291,0
104,104,2,CSS,114,114,-108.55015723084524,661438.6984129997,713406.6158989334,0
105,105,2,CSS,128,128,-103.43931272096239,669274.7492530439,685774.9765091838,0
106,106,2,CSS,129,129,-101.949018572567,683281.6923230353,673301.8703767125,0
107,107,2,CSS,133,133,-108.58051691408225,662004.653947157,664578.3687847382,0
108,108,2,CSS,138,138,-111.55134605548373,723344.7900489201,649923.2373284625,0
109,109,2,CSS,122,122,-108.21039097080552,677694.5880958693,655963.2103258941,0
110,110,2,CSS,120,120,-104.08883615362932,704070.1068623745,672938.4990135741,0
111,111,2,CSS,131,131,-109.17159318813252,727918.4951980695,698595.5728338937,0
112,112,2,CSS,119,117,-109.38220722764088,715475.1343794363,658334.9784027882,0
113,113,2,CSS,140,137,-95.92283326934822,687121.1402717229,697713.361487453,0
114,114,2,CSS,121,120,-108.64148922452796,669805.5568015975,721076.9442909673,0
115,115,2,CSS,131,130,-111.90798359625562,640145.5149321244,712120.0186052783,0
116,116,2,CSS,130,129,-103.87207105115961,668756.9048842058,683413.674923138,0
117,117,2,CSS,110,106,-100.5865568987816,677044.9697043531,681401.0369166506,0
118,118,2,CSS,124,124,-111.65687024114357,703913.76678218,638744.1644465666,0
119,119,2,CSS,133,133,-110.92223694483587,667204.7107699713,646374.9191446862,0
120,120,2,CSS,115,115,-111.58928811701368,729397.1278361598,723110.8749640269,0
121,121,2,CSS,125,120,-90.50654078333982,693959.2530907134,690201.5211797802,0
122,122,2,CSS,131,131,-102.73868044182025,695180.7468028592,707383.7710675593,0
123,123,2,CSS,112,112,-108.07551127478247,701754.0594826926,722049.4529941777,0
124,124,2,CSS,136,134,-99.3161459830049,701713.6958334811,686145.0992557241,0
125,125,2,CSS,119,119,-111.51596323107024,695262.5881298811,637888.6859494711,0
126,126,2,CSS,115,114,-98.23904852541392,678554.2831494764,692337.7973914485,0
127,127,2,CSS,131,131,-107.77468344399517,660849.1308338331,707309.3769115527,0
128,128,2,CSS,113,113,-111.1053630258749,677395.1703181561,641433.428335817,0
129,129,2,CSS,113,113,-105.73853106064313,713586.2905209318,678165.3899937868,0
130,130,2,CSS,119,118,-109.74436801904982,649149.3663891959,702338.6333169733,0
131,131,2,CSS,123,123,-107.33351267618887,688612.9691811032,721438.3592573147,0
132,132,2,CSS,122,122,-103.53140482477241,680518.4777994278,670740.5577783085,0
133,133,2,CSS,126,126,-103.77941598726004,705155.1052911739,703725.9815527778,0
134,134,2,CSS,134,134,-102.66528037148522,706599.7911523873,696819.4100880777,0
135,135,2,CSS,128,126,-95.91814754529233,680829.430509708,690081.3321051908,0
136,136,2,CSS,121,120,-108.91332152599676,726747.4128652244,680317.3908428845,0
137,137,2,CSS,120,116,-103.58686951833107,707616.0243528701,679324.5612352849,0
138,138,2,CSS,119,118,-105.88823460181669,701002.2466153008,713936.171728709,0
139,139,2,CSS,124,123,-110.84054578343066,644355.2614176896,705888.3300884893,0
140,140,2,CSS,123,123,-108.38192140637638,664264.4526633874,715377.9280543074,0
141,141,2,CSS,106,106,-110.84090771308695,647879.3918239146,665393.5205493461,0
142,142,2,CSS,105,105,-102.44639204271485,686473.1316999693,707424.5559556292,0
143,143,2,CSS,122,122,-108.89542250267519,663610.6469823173,661039.0123936305,0
144,144,2,CSS,129,128,-110.88673417051895,643413.4919455549,674907.2360523532,0
145,145,2,CSS,142,142,-110.33838633228893,651889.4569343063,714755.5802824731,0
146,146,2,CSS,130,130,-103.00004937688,669969.7874614504,690083.1359505279,0
147,147,2,CSS,147,147,-109.88179509195751,699044.7511783437,647544.5293337178,0
148,148,2,CSS,142,142,-107.5929578039711,656563.059758186,692664.5849650074,0
149,149,2,CSS,141,140,-109.87458160519591,731397.9451471173,698335.3493780782,0
150,150,2,CSS,139,138,-111.27941217005687,709966.3189779762,643327.0211106198,0
151,151,2,CSS,145,144,-110.26287250297828,707212.8255326998,648204.5857282991,0
152,152,2,CSS,152,151,-106.30862252774344,689575.5924815654,660939.9067225967,0
153,153,2,CSS,128,128,-108.55790255699299,716337.171966026,664198.9992092237,0
154,154,2,CSS,120,119,-99.2950835421507,677691.2800030373,694298.4042793788,0
155,155,2,CSS,143,141,-103.84438883490316,709787.7355748793,682746.977786835,0
156,156,2,CSS,118,117,-98.45258961859571,684620.2980569571,678929.7915787039,0
157,157,2,CSS,122,122,-105.43752693731189,685559.5482009558,714876.0991910717,0
158,158,2,CSS,159,159,-110.59952748404595,695672.3203205577,643171.720933062,0
159,159,2,CSS,127,126,-100.05716803090029,679011.2979148662,698576.8361115828,0
160,160,2,CSS,123,121,-103.75652709008455,705883.096856241,676028.7186574335,0
161,161,2,CSS,122,121,-103.52449701614181,696291.2557315896,708895.4746828681,0
162,162,2,CSS,127,126,-107.90073841874064,707464.7593163309,660365.2811899175,0
163,163,2,CSS,142,141,-107.17058314051093,714305.4879333047,708616.7414383993,0
164,164,2,CSS,132,127,-93.80406089162585,691185.4622701944,695921.6464159032,0
165,165,2,CSS,127,126,-108.39288917701987,701669.1276911659,723464.9640064486,0
166,166,2,CSS,128,127,-110.90538891224627,674043.6685123666,643585.371608011,0
167,167,2,CSS,147,146,-108.93163016164824,688360.6162879377,727905.6313976602,0
168,168,2,CSS,135,134,-104.29048608655745,701975.1874427146,708158.8746989561,0
169,169,2,CSS,119,118,-101.66925776824795,672825.7995945611,687548.1180515158,0
170,170,2,CSS,130,130,-108.13896729732576,656137.9495879139,700744.3777634006,0
171,171,2,CSS,106,105,-111.06665469237257,660925.4222459365,649247.6679177075,0
172,172,2,CSS,139,138,-107.45572260915381,679022.5852417873,658625.2550066444,0
173,173,2,CSS,146,146,-107.53564490733316,671802.5363611347,717073.8018365992,0
174,174,2,CSS,138,134,-94.57930993179106,696365.5971402082,686947.2127460429,0
175,175,2,CSS,113,112,-111.90485508324377,738138.6420745995,713207.7501967117,0
176,176,2,CSS,138,138,-111.50645054264727,640666.11388128,671894.065720231,0
177,177,2,CSS,130,129,-107.79840551279872,714522.4662508953,712033.3186169651,0
178,178,2,CSS,122,122,-100.99463974730668,673999.7334288338,690389.6705396126,0
179,179,2,CSS,144,138,-100.02393293836667,691871.1833356811,702999.5569994175,0
180,180,2,CSS,139,138,-107.99975136523496,658533.482509591,673817.9812073243,0
181,181,2,CSS,110,109,-110.50042851444445,735043.3872696911,696181.59408158,0
182,182,2,CSS,131,130,-105.71752704694337,685313.3645069705,663130.0583049728,0
183,183,2,CSS,118,117,-101.89466097390849,672977.917880788,684580.7612470629,0
184,184,2,CSS,133,133,-110.38207160282901,731885.8336726072,673076.085655264,0
185,185,2,CSS,115,112,-96.3856117712015,681689.1576936105,694194.9343402473,0
186,186,2,CSS,117,117,-106.43836430103723,718253.1797241851,691238.8834110538,0
187,187,2,CSS,123,122,-108.15132509151299,711749.4068452532,716615.0004175724,0
188,188,2,CSS,121,121,-110.31492601178613,672419.6794921993,731249.5432518126,0
189,189,2,CSS,108,108,-107.73946977921322,711627.0081822443,664243.4325186271,0
190,190,2,CSS,115,115,-109.4647492532256,654732.74049745,667638.505152757,0
191,191,2,CSS,127,127,-108.23045312094699,724294.2570050722,696119.4235488429,0
192,192,2,CSS,116,114,-101.10351798856662,674546.2033530452,684557.4783043283,0
193,193,2,CSS,123,120,-100.72570084676352,675485.9426681743,694909.9629162254,0
194,194,2,CSS,130,130,-111.56606054723503,652635.0943980691,652431.0275239416,0
195,195,2,CSS,120,120,-111.52444042623532,710604.6810176012,736791.0729516627,0
196,196,2,CSS,147,147,-110.23395530495462,732551.0986231333,677560.5093265073,0
197,197,2,CSS,119,119,-107.84672224813835,704489.8319801497,658951.7828413972,0
198,198,2,CSS,119,116,-104.22899023719307,672469.775032151,704079.8473565252,0
199,199,2,CSS,136,135,-108.24005939205034,672396.786794091,658183.5231519918,0
200,200,2,CSS,109,109,-111.09611260137004,724815.3985410396,723871.8650090697,0
201,201,2,CSS,123,123,-109.64452959994796,692697.0126756455,647737.4192285524,0
202,202,2,CSS,124,121,-98.53423239881408,699962.7083643145,684513.220557821,0
203,203,2,CSS,117,116,-106.00731849822677,672692.2995316975,667575.6595495513,0
204,204,2,CSS,133,132,-100.93090575625924,684913.3318452425,674756.2422459917,0
205,205,2,CSS,138,138,-95.59575526001777,683672.8833626665,695399.7997785674,0
206,206,2,CSS,129,126,-91.85546942151653,694598.1542662552,687938.7188609295,0
207,207,2,CSS,115,115,-111.51907631947275,670250.1471985633,641207.4762196789,0
208,208,2,CSS,102,101,-97.51701981741726,699614.0628632583,691133.2684590283,0
209,209,2,CSS,115,112,-105.37823800158468,711341.492095353,676244.1966784326,0
210,210,2,CSS,115,115,-110.93716524643409,671307.4531744624,734417.2262072655,0
211,211,2,CSS,156,155,-110.75663139199159,699587.6615720033,735821.2833692513,0
212,212,2,CSS,148,146,-106.38637456613765,664556.5076657069,675005.1708695843,0
213,213,2,CSS,130,129,-101.65866370460562,674824.9372691499,681342.087891266,0
214,214,2,CSS,109,109,-106.76690529755192,661691.8337534419,677900.3566042027,0
215,215,2,CSS,98,98,-110.11722294374339,729424.6221949885,670774.1754700344,0
216,216,2,CSS,109,109,-110.73276743915345,736793.3567784344,689554.3752283652,0
217,217,2,CSS,118,118,-107.4065598891356,698854.5649065281,658514.1187696212,0
218,218,2,CSS,126,126,-109.72937629641018,683861.9926836995,731257.9766412192,0
219,219,2,CSS,120,119,-96.2371788433337,688605.1405828927,680517.6881857162,0
220,220,2,CSS,121,120,-107.33263245465389,690633.6317464071,657400.2867936622,0
221,221,2,CSS,135,134,-100.29775574969543,687759.4814701906,703566.7317028776,0
222,222,2,CSS,142,141,-97.94171738247223,700201.7457800147,690686.8634750507,0
223,223,2,CSS,138,138,-107.31053676084514,661708.911079596,705334.7933782005,0
224,224,2,CSS,119,119,-102.47915866062853,686187.5607886765,671376.2688163177,0
225,225,2,CSS,127,125,-105.32927595123856,692807.5190981154,714618.9277142126,0
226,226,2,CSS,126,121,-88.84424138323232,689947.3801083837,685636.5754450328,0
227,227,2,CSS,136,136,-108.51478476013126,671088.7985870228,657606.6213797779,0
228,228,2,CSS,128,127,-100.48814227802426,691486.2297683023,703830.0078005615,0
229,229,2,CSS,125,123,-95.05724246808644,692998.0230389079,682489.826367159,0
230,230,2,CSS,128,128,-108.65778959653576,710534.406144301,658651.88512128,0
231,231,2,CSS,119,119,-106.0268620661575,661859.2470283966,690191.389085964,0
232,232,2,CSS,148,147,-102.90397609576719,692346.733898128,708424.5416593486,0
233,233,2,CSS,120,118,-107.91017044116015,717873.1351221543,670383.6051394355,0
234,234,2,CSS,136,136,-104.49084166878555,666625.7446639666,693182.200295684,0
235,235,2,CSS,122,122,-111.86703751758591,648299.103967129,654411.2172434329,0
236,236,2,CSS,101,100,-104.43012030754163,669416.7603393744,700645.5198930668,0
237,237,2,CSS,136,135,-111.76488797212909,728554.4862245444,653145.4079731521,0
238,238,2,CSS,112,105,-84.52289426188973,687736.3054913136,691013.750217836,0
239,239,2,CSS,117,117,-98.7688092592364,684853.6035379949,678362.5889855996,0
240,240,2,CSS,110,110,-110.81500531657072,735708.9643466239,701432.8618116917,0
241,241,2,CSS,128,124,-97.61907603928844,682155.9949898311,681862.52735651,0
242,242,2,CSS,126,126,-111.12017970675771,730769.0828728377,662132.8678635911,0
243,243,2,CSS,117,115,-104.7834658027174,705201.0285754609,671487.7573098853,0
244,244,2,CSS,145,145,-110.47722949147828,659008.5711763083,654878.2587361074,0
245,245,2,CSS,125,123,-89.82885827319423,693677.87502857,689573.1233680964,0
246,246,2,CSS,114,111,-107.75257482444579,705583.0045742466,718886.9143196286,0
247,247,2,CSS,122,118,-97.30121526255552,682880.2226338214,681715.0700597322,0
248,248,2,CSS,140,139,-111.8207179693674,691997.1110177819,635768.1221335706,0
249,249,2,CSS,126,125,-111.95528290408825,643204.3505489149,718393.035061894,0
250,250,2,CSS,131,129,-99.88958298723654,681724.2754396774,678194.6469608938,0
251,251,2,CSS,137,136,-110.73402819255587,716346.087620598,650420.4730356853,0
252,252,2,CSS,114,113,-105.16708719956713,704486.9160257402,669511.8347800456,0
253,253,2,CSS,121,121,-108.61345998352763,681800.2660919068,725746.3636100176,0
254,254,2,CSS,102,102,-108.99280616787092,652649.435593807,701762.6915605911,0
255,255,2,CSS,118,114,-90.41581772642705,689430.4813291971,684842.5675000631,0
256,256,2,CSS,137,137,-105.98451329325158,663021.4982731454,696889.6535999947,0
257,257,2,CSS,128,128,-111.51276486089839,662809.7234401171,733899.0048837448,0
258,258,2,CSS,107,106,-111.13748619339057,640209.4571319242,682808.223783174,0
259,259,2,CSS,141,139,-97.34099425496598,685108.3805291128,698592.6824802418,0
260,260,2,CSS,133,132,-107.37619390085439,667231.4510872805,712747.5161944114,0
261,261,2,CSS,136,135,-110.96477603969265,677329.3107272692,736552.7079613145,0
262,262,2,CSS,130,130,-109.27728473080778,675001.5091538662,652019.0545367366,0
263,263,2,CSS,108,108,-110.69546242792757,653854.6031962829,720421.4579844391,0
264,264,2,CSS,108,107,-101.98629173297431,685115.2388091292,706179.4075345688,0
265,265,2,CSS,121,121,-104.66852768853258,666701.3090210692,683091.5626203209,0
266,266,2,CSS,125,124,-111.26413391488688,665423.1753034979,733704.3026754562,0
267,267,2,CSS,132,127,-100.43845650867772,703853.0701877798,688303.3200390023,0
268,268,2,CSS,107,106,-104.27708606392275,706187.5181873866,704454.9660150734,0
269,269,2,CSS,142,142,-106.71693950226192,692349.3504460121,719107.9407163159,0
270,270,2,CSS,123,123,-100.44492310487708,696851.6078334921,676971.1316595692,0
271,271,2,CSS,150,148,-105.29377009619448,665593.5471610952,698038.6935771919,0
272,272,2,CSS,137,136,-109.1097429528082,728628.7285848685,686766.6863607935,0
273,273,2,CSS,130,130,-110.87498737667983,722597.5052663819,724318.0561762662,0
274,274,2,CSS,117,114,-110.14897982777191,668882.8152514456,728670.5779997685,0
275,275,2,CSS,128,128,-108.70765297163514,726760.9778564918,693068.6774261381,0
276,276,2,CSS,107,107,-107.45005154506737,672654.5870096035,717223.3400559045,0
277,277,2,CSS,136,132,-96.45128267363265,693394.2795728154,697651.3605511836,0
278,278,2,CSS,107,102,-83.60029511170428,687337.9520298053,689628.8873904686,0
279,279,2,CSS,130,130,-109.50093649785526,727650.497204524,704523.6689688488,0
280,280,2,CSS,115,112,-104.77303293363654,689437.927758135,665553.1312596989,0
281,281,2,CSS,119,118,-109.57252936400342,652234.1919329567,671063.3023634646,0
282,282,2,CSS,110,105,-102.26025037178944,671887.7676799749,692886.5607905713,0
283,283,2,CSS,105,104,-111.62891092317018,654634.23024068,650038.2775940349,0
284,284,2,CSS,105,103,-99.07951401899227,682012.5467805944,699345.4591555783,0
285,285,2,CSS,119,119,-109.89861361674734,687987.1871437727,732431.2797407013,0
286,286,2,CSS,128,126,-99.4296625250901,678432.6242690927,682644.2801266492,0
287,287,2,CSS,114,113,-107.02228777698495,675165.1542248904,716842.0932450638,0
288,288,2,CSS,124,124,-111.35942920129534,717658.9471676095,731786.1849697356,0
289,289,2,CSS,136,136,-109.66643897453284,689065.8949867963,731318.0893615478,0
290,290,2,CSS,129,127,-93.2447821228382,685685.2987193353,684296.8968287297,0
291,291,2,CSS,152,149,-103.57934884254065,706147.808420809,701751.5409155514,0
292,292,2,CSS,115,115,-107.53089664289725,657624.9262405959,697395.9302525349,0
293,293,2,CSS,121,120,-105.30494857432521,664282.8798568818,685955.6302787325,0
294,294,2,CSS,158,152,-94.72660379201547,688751.5832096242,696886.2765696248,0
295,295,2,CSS,116,116,-106.9677226806141,665485.5999891593,708673.8007717117,0
296,296,2,CSS,131,131,-107.38210034454826,692893.2180306292,721439.2715493211,0
297,297,2,CSS,120,119,-111.6139224967434,641377.2340049825,668366.175518811,0
298,298,2,CSS,113,108,-92.28337337781883,688583.4132919303,695014.5518368832,0
299,299,2,CSS,124,122,-101.90646936504956,672936.2324541722,684640.4442561931,0
300,300,2,CSS,135,129,-91.90625844250093,694625.883425033,690901.3620232957,0
301,301,2,CSS,121,120,-103.77501792997938,686232.7444640072,668381.5936709875,0
302,302,2,CSS,120,118,-102.0562534662329,674078.7879611364,681078.9959244442,0
303,303,2,CSS,114,110,-94.22867828823087,685423.6186496151,683553.0821438852,0
304,304,2,CSS,129,129,-101.341420423674,701868.3192016523,699564.9265554936,0
305,305,2,CSS,116,112,-85.1733486836037,691508.3841703308,688053.5861938468,0
306,306,2,CSS,154,152,-104.38055067788933,683855.524709666,667294.232820519,0
307,307,2,CSS,113,113,-111.03828884946947,691022.2618804612,640358.5676748273,0
308,308,2,CSS,117,113,-100.60693013255442,688921.6592426887,674650.9359867648,0
309,309,2,CSS,147,145,-104.17157839622001,706446.4074469975,675079.9092275265,0
310,310,2,CSS,113,112,-110.25593905687091,648320.6954732384,671431.9484588668,0
311,311,2,CSS,134,134,-87.48685711201887,691115.8339639559,692190.6235837658,0
312,312,2,CSS,115,115,-111.44040980696676,718312.7922870121,731921.0514127607,0
313,313,2,CSS,116,114,-108.0117933134344,707221.6465515866,719120.7051311624,0
314,314,2,CSS,123,123,-107.38709002056748,696296.0210850341,720902.6765424026,0
315,315,2,CSS,136,134,-100.36143894395464,703684.6415384185,687869.6658782603,0
316,316,2,CSS,112,112,-100.53557854266941,690875.7267555621,674837.0650954,0
317,317,2,CSS,140,138,-110.53543236883971,659550.8695995385,654002.6615280696,0
318,318,2,CSS,122,122,-107.12718496281624,658127.0646527903,689125.036110888,0
319,319,2,CSS,117,117,-104.96442868295169,671081.2251324983,705500.2451297279,0
320,320,2,CSS,104,104,-110.50694538552898,670158.9893613938,731371.8344974101,0
321,321,2,CSS,120,120,-111.80917691918305,646320.824488528,657476.2446822223,0
322,322,2,CSS,111,110,-109.4974413757567,652701.5142921262,670925.7217853682,0
323,323,2,CSS,120,119,-107.33534859266528,667200.4624027212,712508.934893233,0
324,324,2,CSS,105,105,-111.43059077921527,666634.0338984928,643392.9562510955,0
325,325,2,CSS,129,122,-91.65784686886785,694451.8588146422,690950.6667390993,0
326,326,2,CSS,134,131,-101.78630524764895,703253.666150489,679688.4061698341,0
327,327,2,CSS,118,114,-84.98232189942328,686967.0519122796,689421.992582082,0
328,328,2,CSS,124,123,-103.75221624583833,688368.9850809316,668224.1463099357,0
329,329,2,CSS,101,101,-111.66540720796374,640866.6045700986,668762.3877685841,0
330,330,2,CSS,146,142,-101.23311577733726,694261.9891218309,704523.690147475,0
331,331,2,CSS,121,120,-111.61855653641362,678160.5530551628,740660.3003177625,0
332,332,2,CSS,118,118,-111.45836786795653,730275.8263985676,720770.7360076297,0
333,333,2,CSS,113,112,-105.95880291162557,702661.8686846765,713333.9981921328,0
334,334,2,CSS,137,137,-110.56032214564463,669369.4643454306,731316.1942823159,0
335,335,2,CSS,110,106,-104.48246315686438,692682.9077426326,712250.7985071696,0
336,336,2,CSS,120,119,-110.90103622020465,670797.8810579953,733990.7564423741,0
337,337,2,CSS,149,144,-99.2435163469658,676792.509975649,689080.733050179,0
338,338,2,CSS,111,108,-103.58121550938795,709359.6670332691,683524.8903913602,0
339,339,2,CSS,119,117,-97.22157231716166,684386.5002939557,698058.6312677471,0
340,340,2,CSS,131,130,-105.48195507060687,699285.4640095268,665481.5134737651,0
341,341,2,CSS,123,123,-109.70142458878409,717698.1272446405,720561.718855834,0
342,342,2,CSS,129,123,-91.31097103235435,688567.8202058633,694404.7253424267,0
343,343,2,CSS,120,119,-101.49285869657284,705509.37502297,686530.9527287617,0
344,344,2,CSS,137,137,-110.80236503040788,712945.8034697389,730974.0845022313,0
345,345,2,CSS,121,120,-107.80949613019885,692556.1340758199,723106.4616968251,0
346,346,2,CSS,134,133,-107.74634508729098,669072.3985790788,662669.940522233,0
347,347,2,CSS,109,109,-110.98379766897821,737929.5088487531,684445.335266745,0
348,348,2,CSS,102,102,-106.58181647629833,707400.7282445265,666181.0445695303,0
349,349,2,CSS,123,120,-103.18691724446107,707807.2991978562,696936.0491687148,0
